#Res        B-factors
   1.000    2041.3715
   2.000    1805.1742
   3.000    1586.1248
   4.000    1466.9690
   5.000    1742.0670
   6.000    1633.7481
   7.000    1290.7072
   8.000    1352.9176
   9.000    1486.7299
  10.000    1221.9870
  11.000    1085.5029
  12.000    1290.8728
  13.000    1362.8866
  14.000     977.7025
  15.000     989.8939
  16.000    1269.6906
  17.000    1213.8953
  18.000     910.9165
  19.000     973.3367
  20.000    1111.3496
  21.000     946.6902
  22.000     676.8276
  23.000     880.8220
  24.000     947.6987
  25.000     682.1297
  26.000     631.0295
  27.000     801.8416
  28.000     676.7567
  29.000     537.1331
  30.000     640.8190
  31.000     731.6751
  32.000     492.1029
  33.000     454.1732
  34.000     626.3939
  35.000     678.3233
  36.000     507.6986
  37.000     635.6373
  38.000     627.5249
  39.000     838.8593
  40.000     662.0421
  41.000     513.0343
  42.000     699.6852
  43.000     761.5190
  44.000     526.9320
  45.000     541.3079
  46.000     766.7850
  47.000     706.6361
  48.000     605.9739
  49.000     669.5435
  50.000     899.3424
  51.000     686.8557
  52.000     659.5064
  53.000     815.5566
  54.000     918.8780
  55.000     737.3131
  56.000     788.5082
  57.000    1082.8580
  58.000    1025.0925
  59.000     851.1981
  60.000    1015.6652
  61.000    1195.2909
  62.000    1036.8803
  63.000    1025.4212
  64.000    1348.1324
  65.000    1317.9952
  66.000    1338.3387
  67.000    1054.3402
  68.000    1360.8209
  69.000    1490.8613
  70.000    1209.9314
  71.000    1339.3394
  72.000    1113.7535
  73.000     883.9965
  74.000     904.2691
  75.000    1034.6016
  76.000     931.8369
  77.000     758.3793
  78.000     829.9836
  79.000     942.0565
  80.000     743.7616
  81.000     650.0638
  82.000     802.0526
  83.000     840.8119
  84.000     716.4407
  85.000     653.3859
  86.000     518.8787
  87.000     620.9874
  88.000     743.6674
  89.000     648.5708
  90.000     529.5167
  91.000     613.3602
  92.000     671.4257
  93.000     556.2883
  94.000     468.8681
  95.000     436.0216
  96.000     505.4335
  97.000     311.2791
  98.000     260.3096
  99.000     333.2335
 100.000     246.3777
 101.000     167.8337
 102.000     192.8500
 103.000     243.0610
 104.000     138.0112
 105.000      89.1671
 106.000     151.0462
 107.000     167.8284
 108.000      97.5501
 109.000     103.1608
 110.000     191.1223
 111.000     188.3608
 112.000     163.3237
 113.000     267.4484
 114.000     222.0294
 115.000     299.6761
 116.000     517.1001
 117.000     615.8885
 118.000     825.9816
 119.000     670.0440
 120.000     594.1396
 121.000     751.2423
 122.000     618.7500
 123.000     359.7972
 124.000     325.0626
 125.000     291.2749
 126.000     178.5387
 127.000     306.3881
 128.000     367.2103
 129.000     323.5439
 130.000     225.6247
 131.000     239.3926
 132.000     435.0881
 133.000     337.5635
 134.000     234.0126
 135.000     341.6031
 136.000     480.7210
 137.000     437.9690
 138.000     582.3024
 139.000     537.7904
 140.000     420.9201
 141.000     484.7903
 142.000     431.0803
 143.000     317.3635
 144.000     291.8874
 145.000     289.7180
 146.000     209.4890
 147.000     138.9778
 148.000     180.4771
 149.000     152.6874
 150.000      91.4563
 151.000      78.1203
 152.000     123.8564
 153.000     160.7139
 154.000      66.1882
 155.000      44.6017
 156.000      85.1406
 157.000      98.5605
 158.000      48.0025
 159.000      87.7624
 160.000      92.4090
 161.000      98.3140
 162.000      77.4515
 163.000     140.9491
 164.000     203.2851
 165.000     157.0397
 166.000     176.9693
 167.000     271.5319
 168.000     284.1967
 169.000     243.0277
 170.000     309.9959
 171.000     465.1046
 172.000     411.5030
 173.000     422.1885
 174.000     563.7836
 175.000     609.8685
 176.000     589.0007
 177.000     759.9264
 178.000     470.3079
 179.000     517.4746
 180.000     307.9590
 181.000     219.5937
 182.000     217.0867
 183.000     337.7175
 184.000     355.9253
 185.000     214.6539
 186.000     236.7060
 187.000     348.6327
 188.000     336.4257
 189.000     202.3215
 190.000     420.1291
 191.000     424.1170
 192.000     609.7302
 193.000     707.6955
 194.000     625.5074
 195.000     724.9851
 196.000     509.1981
 197.000     430.6030
 198.000     487.9874
 199.000     296.6119
 200.000     374.3002
 201.000     380.5780
 202.000     319.7653
 203.000     290.7436
 204.000     184.6314
 205.000     222.2714
 206.000     277.1186
 207.000     156.2699
 208.000     112.1531
 209.000     177.9316
 210.000     228.1472
 211.000      70.1122
 212.000      80.2893
 213.000     199.9291
 214.000     112.6579
 215.000      56.4528
 216.000     152.7834
 217.000     137.3827
 218.000      91.6277
 219.000      93.8235
 220.000     196.6119
 221.000     205.1764
 222.000     146.7858
 223.000     195.4275
 224.000     282.1178
 225.000     292.5669
 226.000     244.2671
 227.000     339.9130
 228.000     422.8039
 229.000     429.5511
 230.000     376.8577
 231.000     580.3590
 232.000     668.2183
 233.000     563.6541
 234.000     496.2382
 235.000     697.9171
 236.000     719.0914
 237.000     564.4525
 238.000     490.5356
 239.000     513.8440
 240.000     559.1449
 241.000     524.6479
 242.000     370.4600
 243.000     278.0328
 244.000     226.2010
 245.000     256.8709
 246.000     163.4850
 247.000     242.2256
 248.000     280.1429
 249.000     178.1305
 250.000     185.7873
 251.000     112.5992
 252.000     115.5081
 253.000      61.0850
 254.000      90.4796
 255.000     124.9501
 256.000     147.3133
 257.000     126.6777
 258.000     187.6116
 259.000     261.5477
 260.000     252.0797
 261.000     308.3165
 262.000     426.0642
 263.000     432.0338
 264.000     307.0124
 265.000     386.1069
 266.000     361.7010
 267.000     438.7643
 268.000     572.7124
 269.000     756.8709
 270.000     567.1685
 271.000     616.5763
 272.000     562.2143
 273.000     421.1012
 274.000     471.9274
 275.000     524.9784
 276.000     574.5512
 277.000     774.3474
 278.000     753.9585
 279.000     668.7363
 280.000     892.6012
 281.000    1049.6260
 282.000     936.3290
 283.000    1039.4469
 284.000     768.5608
 285.000     913.3556
 286.000     763.2626
 287.000     945.5495
 288.000     830.4115
 289.000     596.2899
 290.000     616.1696
 291.000     883.6866
 292.000     671.3483
 293.000     548.2793
 294.000     712.8091
 295.000     693.8276
 296.000     440.2691
 297.000     503.1087
 298.000     676.2229
 299.000     539.7854
 300.000     459.7554
 301.000     594.9148
 302.000     543.4999
 303.000     687.8317
 304.000     824.7934
 305.000     722.3152
 306.000     906.1336
 307.000    1240.3296
 308.000    1017.3084
 309.000     760.6160
 310.000     870.9639
 311.000    1167.7106
 312.000     926.7307
 313.000     744.4305
 314.000     657.7648
 315.000     700.5710
 316.000     733.3270
 317.000     688.8042
 318.000     785.7987
 319.000     785.0806
 320.000    1060.8187
 321.000    1023.7357
 322.000     813.6579
 323.000     637.5519
 324.000     502.0303
 325.000     385.4151
 326.000     398.3246
 327.000     323.1560
 328.000     292.5435
 329.000     348.8335
 330.000     385.3089
 331.000     487.5229
 332.000     595.9991
 333.000     712.0808
 334.000     782.3259
 335.000    1017.8038
 336.000     890.9004
 337.000     836.5970
 338.000     715.4099
 339.000     715.1353
 340.000     537.1696
 341.000     485.4957
 342.000     457.1159
 343.000     502.2591
 344.000     557.9082
 345.000     585.2118
 346.000     645.4217
 347.000     468.4085
 348.000     388.7559
 349.000     330.8985
 350.000     390.8093
 351.000     414.5763
 352.000     273.5050
 353.000     272.5849
 354.000     370.6326
 355.000     348.9462
 356.000     216.6232
 357.000     292.8530
 358.000     456.4211
 359.000     330.2062
 360.000     292.2329
 361.000     479.6168
 362.000     484.0600
 363.000     377.0044
 364.000     527.4618
 365.000     650.2949
 366.000     598.4682
 367.000     539.5677
 368.000     770.7894
 369.000     876.5227
 370.000     769.0302
 371.000     853.4093
 372.000     745.1230
 373.000     721.9741
 374.000     673.6530
 375.000     704.3312
 376.000     471.5456
 377.000     349.3286
 378.000     314.9850
 379.000     218.0362
 380.000     169.3387
 381.000     128.3491
 382.000     204.0411
 383.000     264.7801
 384.000     146.7667
 385.000     134.4476
 386.000     234.7856
 387.000     208.5266
 388.000     136.5397
 389.000     184.3358
 390.000     282.5531
 391.000     210.2984
 392.000     152.5196
 393.000     229.9102
 394.000     283.4959
 395.000     235.1632
 396.000     254.8673
 397.000     325.1655
 398.000     366.4281
 399.000     384.7375
 400.000     428.4761
 401.000     549.4798
 402.000     545.3215
 403.000     585.4897
 404.000     701.5102
 405.000     631.8276
 406.000     579.0532
 407.000     750.3595
 408.000     805.2351
 409.000     908.6259
 410.000     649.3403
 411.000     655.3960
 412.000     473.6730
 413.000     430.4280
 414.000     343.8871
 415.000     420.0190
 416.000     374.6596
 417.000     268.9031
 418.000     243.1697
 419.000     307.4162
 420.000     199.9565
 421.000     139.5483
 422.000     183.4494
 423.000     218.6377
 424.000     119.9688
 425.000      86.3468
 426.000     131.8411
 427.000      97.0332
 428.000      47.7450
 429.000      47.5695
 430.000      51.9486
 431.000      34.5489
 432.000      32.9008
 433.000      37.5399
 434.000      38.1864
 435.000      17.9613
 436.000      74.3889
 437.000      71.8869
 438.000      40.5939
 439.000      71.9195
 440.000     147.2172
 441.000      88.5105
 442.000      91.3679
 443.000     144.2495
 444.000     219.7987
 445.000     156.0816
 446.000     177.3043
 447.000     344.2831
 448.000     295.7168
 449.000     353.5968
 450.000     270.1701
 451.000     302.7191
 452.000     236.7138
 453.000     298.2014
 454.000     303.0465
 455.000     157.1559
 456.000     124.8612
 457.000     288.7264
 458.000     227.6135
 459.000      95.6764
 460.000     165.0208
 461.000     292.5389
 462.000     146.4810
 463.000     111.8472
 464.000     277.3112
 465.000     259.7140
 466.000     129.6706
 467.000     104.7619
 468.000     165.3666
 469.000     146.4017
 470.000     224.2630
 471.000     232.0119
 472.000     264.3526
 473.000     296.0180
 474.000     298.8703
 475.000     199.8712
 476.000     194.9507
 477.000     161.1617
 478.000     116.9467
 479.000     206.7358
 480.000      80.8604
 481.000      75.4610
 482.000      38.0461
 483.000      43.3477
 484.000      44.7801
 485.000      49.2201
 486.000     124.3215
 487.000      88.9199
 488.000      53.0089
 489.000      94.6356
 490.000     160.9507
 491.000     153.4530
 492.000     170.9744
 493.000      88.6708
 494.000      49.7575
 495.000      79.6263
 496.000     117.7739
 497.000     138.6564
 498.000      35.6511
 499.000      71.0055
 500.000      94.8947
 501.000      32.3425
 502.000      51.3611
 503.000     104.3768
 504.000      75.0379
 505.000      45.9943
 506.000      87.2818
 507.000     152.4949
 508.000     116.3269
 509.000      91.0948
 510.000     128.5488
 511.000     185.2520
 512.000     134.9927
 513.000     187.9857
 514.000     227.1672
 515.000     235.3560
 516.000     279.9931
 517.000     150.4189
 518.000     230.9650
 519.000     124.1808
 520.000     122.6933
 521.000      90.5791
 522.000     142.1729
 523.000     212.4832
 524.000     160.3401
 525.000     274.7824
 526.000     263.9005
 527.000     369.6434
 528.000     494.9945
 529.000     375.7612
 530.000     509.5763
 531.000     427.5594
 532.000     310.4182
 533.000     394.7158
 534.000     534.1288
 535.000     342.8215
 536.000     336.2231
 537.000     550.6446
 538.000     508.7947
 539.000     360.4060
 540.000     411.4679
 541.000     664.0167
 542.000     523.3169
 543.000     467.9438
 544.000     474.2733
 545.000     617.5857
 546.000     560.0446
 547.000     421.7727
 548.000     242.6654
 549.000     295.6732
 550.000     408.4144
 551.000     307.4004
 552.000     193.6312
 553.000     293.9366
 554.000     367.9988
 555.000     226.7164
 556.000     148.6863
 557.000     195.3238
 558.000     181.0079
 559.000     305.5259
 560.000     229.7570
 561.000     119.7824
 562.000      85.8630
 563.000      50.1940
 564.000     186.3450
 565.000      32.9881
 566.000      30.6893
 567.000      45.0947
 568.000      63.1693
 569.000      68.2198
 570.000      60.7414
 571.000     108.2520
 572.000     130.7094
 573.000     146.3054
 574.000     137.0653
 575.000     185.0787
 576.000     283.1161
 577.000     215.5652
 578.000     248.6816
 579.000     402.4403
 580.000     415.5302
 581.000     348.6067
 582.000     564.1355
 583.000     662.3483
 584.000     475.2873
 585.000     468.0325
 586.000     322.6391
 587.000     282.0789
 588.000     246.1277
 589.000     428.5321
 590.000     388.9241
 591.000     583.1654
 592.000     453.4882
 593.000     433.4052
 594.000     414.7053
 595.000     429.7690
 596.000     747.8968
 597.000     439.0681
 598.000     311.5813
 599.000     301.3130
 600.000     212.1312
 601.000     221.9003
 602.000     269.9216
 603.000     351.9486
 604.000     330.7610
 605.000     323.3266
 606.000     445.2330
 607.000     456.8027
 608.000     402.0060
 609.000     475.6234
 610.000     591.5801
 611.000     484.4706
 612.000     498.9435
 613.000     616.9058
 614.000     685.0254
 615.000     680.2507
 616.000     521.8233
 617.000     462.6002
 618.000     359.0909
 619.000     296.5380
 620.000     242.4865
 621.000     239.1336
 622.000     176.8006
 623.000     158.5249
 624.000     195.2408
 625.000     173.8906
 626.000     230.2908
 627.000     247.2804
 628.000     335.0697
 629.000     402.9183
 630.000     459.5479
 631.000     471.5338
 632.000     465.1733
 633.000     635.9425
 634.000     680.9858
 635.000     616.1101
 636.000     783.3769
 637.000     899.1184
 638.000     726.3161
 639.000     997.2446
 640.000     795.7945
 641.000     619.7891
 642.000     786.5950
 643.000     540.6273
 644.000     612.2394
 645.000     478.8703
 646.000     393.5110
 647.000     379.3195
 648.000     310.1720
 649.000     406.2699
 650.000     509.7339
 651.000     337.3446
 652.000     420.2352
 653.000     415.8549
 654.000     319.2464
 655.000     220.5041
 656.000     232.6567
 657.000     250.8806
 658.000     234.3827
 659.000     201.0938
 660.000     248.9351
 661.000     263.8228
 662.000     356.5019
 663.000     407.8214
 664.000     559.4655
 665.000     687.8682
 666.000     836.3481
 667.000    1193.3485
 668.000    1094.6497
 669.000    1294.8884
 670.000    1095.2832
 671.000     924.2926
 672.000    1242.9359
 673.000    1016.4252
 674.000     749.0750
 675.000     797.6440
 676.000     768.1006
 677.000     912.7370
 678.000    1026.9254
 679.000    1210.1269
 680.000    1177.6568
 681.000    1190.0867
 682.000     933.2294
 683.000     916.7484
 684.000    1090.7023
 685.000    1093.4142
 686.000     799.9432
 687.000     613.3608
 688.000     791.3934
 689.000     656.4918
 690.000     623.4807
 691.000     811.4146
 692.000     633.5663
 693.000     504.6731
 694.000     400.6716
 695.000     420.1766
 696.000     444.4552
 697.000     596.5878
 698.000     546.6386
 699.000     714.8903
 700.000     685.1957
 701.000     975.2295
 702.000     846.5095
 703.000    1108.1781
 704.000    1119.2576
 705.000     814.1180
 706.000     796.8441
 707.000    1053.8866
 708.000    1094.7385
 709.000    1409.2325
 710.000    1291.8772
 711.000    1181.3221
 712.000     942.7589
 713.000    1219.9188
 714.000     770.5488
 715.000     744.1795
 716.000     830.2515
 717.000    1049.5051
 718.000     932.7572
 719.000    1273.4340
 720.000    1350.9611
 721.000    1057.4409
 722.000    1377.2024
 723.000    1162.4290
 724.000    1106.6319
 725.000     839.0891
 726.000     864.0874
 727.000     668.8541
 728.000     488.4787
 729.000     655.1971
 730.000     543.7286
 731.000     724.0673
 732.000     635.6021
 733.000     809.7869
 734.000     898.4585
 735.000    1112.2973
 736.000    1301.3650
 737.000    1439.8256
 738.000    1673.7243
 739.000    1835.8813
 740.000    1994.3860
 741.000    2269.6745
 742.000    2228.7584
 743.000    1879.8221
 744.000    1640.1967
 745.000    1777.5625
 746.000    1389.4390
 747.000    1551.4484
 748.000    1574.4825
 749.000    1792.5272
 750.000    2170.9261
 751.000    1992.8262
 752.000    1683.6460
 753.000    1621.0680
 754.000    1155.8564
 755.000    1106.0903
 756.000     990.8923
 757.000    1339.4544
 758.000    1071.0373
 759.000    1030.3787
 760.000    1204.3490
 761.000    1053.4070
 762.000    1428.2420
 763.000    1368.5137
 764.000    1623.9198
 765.000    1458.3111
 766.000    1506.7131
 767.000    1398.6436
 768.000    1327.7731
 769.000    1415.9700
 770.000    1226.9916
 771.000     969.6325
 772.000     938.8046
 773.000     631.2256
 774.000     581.8924
 775.000     445.2039
 776.000     426.0018
 777.000     343.5764
 778.000     315.7204
 779.000     300.8048
 780.000     335.5712
 781.000     374.0008
 782.000     418.0520
 783.000     571.9043
 784.000     344.4503
 785.000     290.1204
 786.000     219.2530
 787.000     187.6969
 788.000     180.6113
 789.000     202.0230
 790.000     240.9364
 791.000     312.5367
 792.000     193.1270
