#Frame        ToFirst
       1       0.0000
       2       1.6469
       3       1.6416
       4       1.5942
       5       1.6377
       6       1.6274
       7       2.4029
       8       1.9577
       9       1.9186
      10       1.7013
      11       1.6121
      12       1.5252
      13       1.9420
      14       1.4697
      15       1.9115
      16       1.5356
      17       1.4996
      18       2.3104
      19       1.6515
      20       1.5587
      21       1.6945
      22       1.6956
      23       1.6324
      24       2.0193
      25       1.9697
      26       2.0718
      27       2.3140
      28       2.1402
      29       2.0375
      30       2.1756
      31       1.9354
      32       2.1320
      33       1.8184
      34       1.9269
      35       1.9086
      36       1.9479
      37       1.8425
      38       1.6821
      39       1.9591
      40       2.1871
      41       2.0837
      42       2.0247
      43       1.7300
      44       2.1443
      45       2.1338
      46       2.0788
      47       2.1209
      48       2.2052
      49       2.9897
      50       2.7541
      51       2.4454
      52       2.1308
      53       2.2056
      54       2.3103
      55       2.6341
      56       2.0696
      57       1.9177
      58       2.2787
      59       1.8896
      60       2.3041
      61       2.0411
      62       2.2208
      63       1.9197
      64       2.1474
      65       2.0329
      66       2.3620
      67       2.1506
      68       1.9870
      69       2.2237
      70       2.2532
      71       2.4295
      72       2.0834
      73       2.3382
      74       2.1131
      75       2.3261
      76       2.3558
      77       2.0729
      78       2.1852
      79       1.9618
      80       1.8171
      81       2.2463
      82       2.3094
      83       1.8871
      84       2.0328
      85       2.0337
      86       1.9715
      87       2.7887
      88       2.4293
      89       2.2526
      90       2.2575
      91       2.1810
      92       2.2482
      93       2.0420
      94       2.0464
      95       1.9669
      96       2.4238
      97       2.3679
      98       2.0788
      99       2.2327
     100       2.1441
     101       1.9171
     102       1.8022
     103       1.7410
     104       1.8244
     105       1.9282
     106       1.7368
     107       1.9149
     108       1.9431
     109       1.7475
     110       1.8063
     111       1.8153
     112       1.9684
     113       1.8415
     114       1.9512
     115       1.9910
     116       1.8357
     117       1.8421
     118       1.6295
     119       1.8375
     120       1.5995
     121       1.7271
     122       1.6825
     123       1.8540
     124       1.7120
     125       1.8824
     126       1.7847
     127       2.1395
     128       2.0065
     129       2.0353
     130       1.8043
     131       1.8615
     132       1.8394
     133       1.8183
     134       1.6894
     135       1.9018
     136       2.1203
     137       1.9913
     138       2.0097
     139       1.8730
     140       2.1468
     141       2.1910
     142       1.8731
     143       1.8767
     144       1.9593
     145       1.7912
     146       1.9556
     147       1.7763
     148       1.9376
     149       1.8084
     150       1.7599
     151       1.7366
     152       1.8777
     153       1.7385
     154       2.0033
     155       2.4264
     156       1.7219
     157       1.7464
     158       1.8326
     159       1.9891
     160       2.1871
     161       2.2054
     162       2.2270
     163       2.2934
     164       2.2989
     165       2.0299
     166       2.7590
     167       2.1322
     168       2.2107
     169       2.4189
     170       1.9726
     171       1.8777
     172       2.4031
     173       2.5642
     174       2.9127
     175       3.0337
     176       2.3257
     177       2.0992
     178       2.1880
     179       2.0568
     180       1.9743
     181       1.7050
     182       1.9401
     183       1.9129
     184       1.8013
     185       2.1234
     186       1.8902
     187       1.7598
     188       1.8745
     189       1.9275
     190       2.0881
     191       1.7983
     192       2.2176
     193       2.8898
     194       2.6605
     195       2.3260
     196       2.5885
     197       2.2845
     198       2.0780
     199       2.3624
     200       2.4834
     201       2.8229
     202       2.3780
     203       2.6201
     204       2.3254
     205       2.5373
     206       2.5453
     207       2.6913
     208       2.7348
     209       2.5276
     210       2.0248
     211       2.0519
     212       2.0575
     213       2.2116
     214       1.9983
     215       1.8891
     216       2.1967
     217       2.1830
     218       2.2921
     219       2.0801
     220       2.4209
     221       2.3469
     222       2.2749
     223       2.3368
     224       2.3769
     225       2.2097
     226       2.1532
     227       2.2009
     228       1.9531
     229       2.1575
     230       2.4038
     231       2.4680
     232       2.3233
     233       2.4815
     234       2.4729
     235       2.1682
     236       2.2019
     237       2.3113
     238       2.0097
     239       2.7904
     240       3.0893
     241       2.7828
     242       3.0758
     243       2.7596
     244       2.8865
     245       2.0869
     246       2.1319
     247       2.1231
     248       1.9203
     249       2.3624
     250       2.5104
     251       3.1231
     252       2.3636
     253       2.6156
     254       2.8463
     255       2.7715
     256       2.5525
     257       2.2288
     258       2.6336
     259       2.5672
     260       3.1382
     261       2.4728
     262       2.7730
     263       2.9763
     264       2.5603
     265       2.9649
     266       2.5489
     267       2.4141
     268       2.6240
     269       2.8460
     270       2.5424
     271       2.3596
     272       2.7525
     273       2.6700
     274       2.9798
     275       3.2710
     276       3.0616
     277       2.9795
     278       3.0700
     279       3.1389
     280       2.9331
     281       2.5690
     282       2.8112
     283       2.7966
     284       2.8463
     285       2.2293
     286       2.0667
     287       2.1635
     288       2.0897
     289       1.9044
     290       1.8624
     291       2.1110
     292       2.4356
     293       2.3271
     294       2.5024
     295       2.3858
     296       3.0286
     297       2.8720
     298       2.7043
     299       2.7316
     300       2.6256
     301       2.8475
     302       2.6267
     303       2.6563
     304       2.5584
     305       3.3550
     306       3.0091
     307       3.0066
     308       2.6377
     309       2.5904
     310       2.6244
     311       2.6324
     312      36.1288
     313      35.7819
     314      35.9031
     315       2.7235
     316       2.6677
     317       2.5612
     318       2.3687
     319       2.2224
     320      36.2118
     321      36.0127
     322      35.9976
     323      36.7846
     324      36.4077
     325      35.8543
     326       1.9262
     327       2.3419
     328       2.1690
     329       1.9781
     330       2.0608
     331       2.0428
     332       2.0171
     333       1.8379
     334       1.9006
     335       1.9531
     336       1.7356
     337       1.9360
     338       1.8552
     339      35.5995
     340      35.6390
     341      35.4352
     342      35.4073
     343       1.8627
     344       1.9406
     345       2.7255
     346       1.9297
     347       1.7921
     348       1.9911
     349       2.3234
     350       2.4509
     351       1.8343
     352       2.0575
     353       2.0106
     354       2.0540
     355       1.9107
     356       1.8693
     357       2.1581
     358       2.1096
     359       2.2301
     360       1.6498
     361       2.2187
     362       2.1471
     363       1.7746
     364       1.6429
     365       1.8092
     366       2.0789
     367       2.1004
     368       2.1088
     369       1.9150
     370       1.8323
     371       2.0610
     372       1.8888
     373       1.7704
     374       2.0327
     375       1.8426
     376       2.4296
     377       1.8674
     378       2.2642
     379       2.2270
     380       1.8619
     381       1.7793
     382       2.1650
     383       2.4396
     384       2.1745
     385       1.7611
     386       1.9353
     387       1.8461
     388       1.8294
     389       1.9591
     390       1.9981
     391       2.1008
     392       2.1789
     393       2.0082
     394       1.7841
     395       1.8522
     396       1.8453
     397       2.1055
     398       2.0845
     399       2.0134
     400       1.8441
     401       1.8361
     402       1.8351
     403       1.8065
     404       1.8530
     405       2.0244
     406       1.8667
     407       2.0267
     408       2.4357
     409      38.0103
     410       2.0555
     411       2.2474
     412       2.2474
     413       2.3880
     414       2.3989
     415      36.8448
     416      36.9124
     417      36.5623
     418       2.1647
     419       2.0492
     420      36.1270
     421       2.1457
     422      35.9970
     423      36.0461
     424      35.6970
     425      35.6611
     426      35.8863
     427       2.0778
     428       2.2948
     429      36.2159
     430      35.9866
     431      35.8519
     432      35.7711
     433      36.3296
     434      36.3741
     435      36.1948
     436      35.9066
     437      35.7407
     438      35.6858
     439      35.9598
     440      35.7217
     441      35.6682
     442      35.4087
     443      35.5230
     444      35.5268
     445      35.6442
     446      35.6262
     447      35.9479
     448      35.4521
     449      34.9725
     450      34.8149
     451      35.1090
     452       2.0442
     453      34.6491
     454       2.3502
     455       2.1301
     456       1.9602
     457       2.0369
     458       1.9407
     459       2.0771
     460       2.0674
     461       2.0360
     462       2.0411
     463       2.0345
     464       2.0913
     465       1.9839
     466       2.0659
     467       1.9427
     468       2.1477
     469       1.9941
     470       2.1765
     471       1.9684
     472       2.0178
     473       2.1756
     474       2.3942
     475      34.1630
     476      34.2686
     477      34.3637
     478      34.4546
     479      34.5885
     480      34.3132
     481      34.2360
     482      34.2048
     483      34.6487
     484      34.4680
     485      34.3931
     486      34.5355
     487      34.2663
     488      33.9893
     489      33.8684
     490      33.9779
     491      33.9409
     492      33.8623
     493      33.9163
     494      33.9813
     495      33.9042
     496      34.2651
     497      34.2514
     498      34.1958
     499      33.9268
     500      33.8686
