#Res        B-factors
   1.000   15997.0182
   2.000   14203.8432
   3.000   12500.0760
   4.000   11420.9443
   5.000   13747.4538
   6.000   13219.9793
   7.000   10701.4226
   8.000   11273.6336
   9.000   12445.9082
  10.000   10215.9534
  11.000    9173.0699
  12.000   10937.9660
  13.000   11242.3155
  14.000    8299.3219
  15.000    8503.6104
  16.000   10910.0695
  17.000   10231.8302
  18.000    7891.8135
  19.000    8296.3468
  20.000    9097.1802
  21.000    7811.6347
  22.000    5883.6954
  23.000    7472.7681
  24.000    7800.6389
  25.000    5675.4333
  26.000    5325.6098
  27.000    6543.6811
  28.000    5495.4173
  29.000    4282.4042
  30.000    5099.4216
  31.000    5721.2804
  32.000    3647.7380
  33.000    3443.9661
  34.000    4719.6942
  35.000    4996.6422
  36.000    3684.0931
  37.000    4805.1586
  38.000    4721.1678
  39.000    6293.6724
  40.000    5336.1373
  41.000    4163.8446
  42.000    5478.7944
  43.000    6250.0459
  44.000    4378.4269
  45.000    4556.4807
  46.000    6396.4431
  47.000    6062.8535
  48.000    5231.0001
  49.000    5690.1364
  50.000    7559.8892
  51.000    5956.9856
  52.000    5694.4244
  53.000    7118.3948
  54.000    7822.1500
  55.000    6225.1290
  56.000    6483.2611
  57.000    8962.9526
  58.000    8563.4417
  59.000    7159.2370
  60.000    8412.4439
  61.000    9876.8013
  62.000    8583.1593
  63.000    8121.1613
  64.000   10793.3949
  65.000   10642.0207
  66.000   10425.7876
  67.000    8323.4140
  68.000    9598.1238
  69.000   11445.6970
  70.000    9716.8917
  71.000   10136.1590
  72.000    9231.4712
  73.000    7335.4924
  74.000    7647.0675
  75.000    8623.3224
  76.000    7555.6487
  77.000    6119.9855
  78.000    7061.2091
  79.000    7750.4945
  80.000    5943.5083
  81.000    5471.7057
  82.000    6659.2364
  83.000    6915.8096
  84.000    4789.6121
  85.000    5589.3224
  86.000    4009.1434
  87.000    3705.4846
  88.000    4792.0746
  89.000    4747.4071
  90.000    3896.5198
  91.000    4470.6185
  92.000    4973.0563
  93.000    4105.0285
  94.000    3426.6294
  95.000    3314.7843
  96.000    3598.5489
  97.000    2348.7918
  98.000    2051.4060
  99.000    2428.0356
 100.000    2120.4112
 101.000    1461.7254
 102.000    1351.2098
 103.000    1798.9496
 104.000    1286.5232
 105.000     793.2429
 106.000    1067.7610
 107.000    1331.1572
 108.000     863.5611
 109.000     677.8503
 110.000    1245.9408
 111.000    1340.6931
 112.000    1064.6594
 113.000    1634.4241
 114.000    1459.4192
 115.000    2015.4411
 116.000    2840.6955
 117.000    3232.8292
 118.000    4008.7572
 119.000    3681.4027
 120.000    3257.2594
 121.000    3734.5077
 122.000    3260.4478
 123.000    2286.7074
 124.000    1927.4719
 125.000    1734.1347
 126.000    1030.4941
 127.000    1542.4313
 128.000    2178.4244
 129.000    1843.8461
 130.000    1342.5885
 131.000    1131.2674
 132.000    2014.6941
 133.000    2001.0942
 134.000    1281.3225
 135.000    1558.5107
 136.000    2313.4897
 137.000    2724.9076
 138.000    3837.0371
 139.000    3429.3476
 140.000    2953.5417
 141.000    3156.3715
 142.000    2668.0248
 143.000    1941.3195
 144.000    1985.2678
 145.000    1892.4620
 146.000    1356.9762
 147.000     837.2642
 148.000    1244.0666
 149.000    1144.6933
 150.000     609.3327
 151.000     583.2524
 152.000     960.7919
 153.000     954.4989
 154.000     560.9771
 155.000     495.1846
 156.000     918.2225
 157.000     786.9582
 158.000     548.7800
 159.000     870.5734
 160.000    1038.4865
 161.000     985.6043
 162.000     684.9526
 163.000    1240.9869
 164.000    1665.5026
 165.000    1121.0294
 166.000    1357.0653
 167.000    2050.8423
 168.000    2235.2137
 169.000    1821.0929
 170.000    2272.2745
 171.000    3263.7756
 172.000    2930.3892
 173.000    3052.3772
 174.000    3601.3413
 175.000    4468.2274
 176.000    4182.9668
 177.000    5095.3727
 178.000    3402.3796
 179.000    3428.6402
 180.000    2199.5270
 181.000    1742.5630
 182.000    1562.6165
 183.000    2362.2883
 184.000    2593.2894
 185.000    1335.5455
 186.000    1657.3060
 187.000    2478.5043
 188.000    2273.4019
 189.000    1633.2888
 190.000    3078.5548
 191.000    3410.0164
 192.000    4518.8220
 193.000    5486.6807
 194.000    4935.6262
 195.000    5560.6823
 196.000    4208.3686
 197.000    3852.7992
 198.000    3816.8575
 199.000    2369.4476
 200.000    2702.4639
 201.000    2666.4356
 202.000    2228.1899
 203.000    2091.0207
 204.000    1353.1590
 205.000    1460.4298
 206.000    1801.0156
 207.000    1296.7136
 208.000     778.1314
 209.000    1147.5212
 210.000    1412.6516
 211.000     726.7609
 212.000     646.9463
 213.000    1278.0678
 214.000    1034.7060
 215.000     575.6399
 216.000    1114.8999
 217.000    1237.4880
 218.000     888.5725
 219.000     710.6619
 220.000    1522.0061
 221.000    1758.3247
 222.000    1113.5470
 223.000    1420.4937
 224.000    2103.4287
 225.000    2132.7181
 226.000    1692.2342
 227.000    2424.1103
 228.000    2998.5696
 229.000    2888.3182
 230.000    2471.1766
 231.000    3866.4305
 232.000    4137.1535
 233.000    3652.0818
 234.000    3224.1045
 235.000    4670.7160
 236.000    4820.8943
 237.000    3803.2633
 238.000    3289.2854
 239.000    3601.5043
 240.000    3928.5345
 241.000    3640.5101
 242.000    2606.3892
 243.000    1892.7579
 244.000    1467.7694
 245.000    1708.1311
 246.000    1001.2173
 247.000    1588.5437
 248.000    1798.9970
 249.000     956.0773
 250.000    1017.3434
 251.000     529.2471
 252.000     584.3998
 253.000     278.8925
 254.000     316.1943
 255.000     187.5808
 256.000     355.9676
 257.000     676.2184
 258.000     919.1705
 259.000    1270.7741
 260.000    1446.4167
 261.000    1937.5421
 262.000    2553.8091
 263.000    2562.0459
 264.000    2022.8259
 265.000    2583.6022
 266.000    2593.7875
 267.000    3292.8065
 268.000    3813.4524
 269.000    4969.9362
 270.000    4018.6676
 271.000    4193.9927
 272.000    3457.3140
 273.000    2693.6779
 274.000    2995.1983
 275.000    3673.3078
 276.000    3769.3159
 277.000    4840.4368
 278.000    5168.5590
 279.000    4658.8691
 280.000    5832.2772
 281.000    6821.7728
 282.000    6621.5320
 283.000    7125.8061
 284.000    5588.0247
 285.000    6392.6065
 286.000    5343.5394
 287.000    6643.4463
 288.000    6288.7805
 289.000    4436.3997
 290.000    4676.5935
 291.000    6548.3688
 292.000    5276.9875
 293.000    4296.6599
 294.000    5904.5935
 295.000    5878.3360
 296.000    3886.7300
 297.000    4471.0053
 298.000    6082.4297
 299.000    5115.8453
 300.000    4513.5738
 301.000    5674.7663
 302.000    5101.7613
 303.000    6169.0548
 304.000    7120.3537
 305.000    6135.4033
 306.000    7732.4151
 307.000    9732.7561
 308.000    8184.1913
 309.000    6187.2244
 310.000    6874.8801
 311.000    8650.0602
 312.000    7416.6014
 313.000    5873.5870
 314.000    4884.6814
 315.000    5152.4954
 316.000    5215.5332
 317.000    4675.0435
 318.000    5378.9838
 319.000    5231.5828
 320.000    5706.4865
 321.000    6403.9061
 322.000    5655.2577
 323.000    3853.4269
 324.000    3545.0239
 325.000    2704.4200
 326.000    2707.2846
 327.000    1816.2143
 328.000    2118.4395
 329.000    2712.3065
 330.000    3199.4603
 331.000    3969.5152
 332.000    4976.1047
 333.000    6011.5401
 334.000    6831.0311
 335.000    8729.1441
 336.000    7599.1297
 337.000    7020.0671
 338.000    5977.5776
 339.000    5821.4000
 340.000    4201.7085
 341.000    3629.6043
 342.000    3348.0018
 343.000    3446.6911
 344.000    3891.9873
 345.000    3461.6268
 346.000    4388.1570
 347.000    3135.0689
 348.000    2580.5776
 349.000    2000.2978
 350.000    2694.2085
 351.000    3256.2122
 352.000    2184.0832
 353.000    2118.3725
 354.000    3036.6129
 355.000    2962.2253
 356.000    1926.9951
 357.000    2491.1122
 358.000    3898.6390
 359.000    3066.2827
 360.000    2655.7757
 361.000    4260.3286
 362.000    4470.4083
 363.000    3530.1669
 364.000    4446.7440
 365.000    5824.0216
 366.000    5499.2276
 367.000    4909.3103
 368.000    6774.4753
 369.000    7761.7684
 370.000    6758.7076
 371.000    7445.4185
 372.000    6549.5654
 373.000    6025.0590
 374.000    5805.8097
 375.000    6230.9788
 376.000    4092.3971
 377.000    3210.5249
 378.000    2880.4788
 379.000    1974.5394
 380.000    1626.3829
 381.000    1266.2019
 382.000    1966.6784
 383.000    2364.7642
 384.000    1360.1249
 385.000    1436.6849
 386.000    2277.0588
 387.000    1969.8344
 388.000    1232.6124
 389.000    1834.7701
 390.000    2581.1898
 391.000    1836.5343
 392.000    1423.4198
 393.000    2220.3023
 394.000    2511.9917
 395.000    2048.9637
 396.000    2269.9298
 397.000    2749.6247
 398.000    3087.2432
 399.000    3323.1387
 400.000    3453.9470
 401.000    4472.8991
 402.000    4511.5353
 403.000    4715.2321
 404.000    5517.9467
 405.000    4798.9428
 406.000    4521.1910
 407.000    5771.7497
 408.000    6188.4929
 409.000    6580.1227
 410.000    4699.5624
 411.000    4736.6562
 412.000    3800.2125
 413.000    3557.3620
 414.000    2965.6771
 415.000    3341.2884
 416.000    2893.8794
 417.000    2283.0692
 418.000    2040.3656
 419.000    2294.4981
 420.000    1659.8640
 421.000    1274.9262
 422.000    1342.3896
 423.000    1383.9758
 424.000     942.1498
 425.000     681.8803
 426.000     817.8409
 427.000     579.1231
 428.000     399.8543
 429.000     394.8908
 430.000     341.6884
 431.000     140.4508
 432.000     188.5649
 433.000     246.6972
 434.000     109.1416
 435.000     100.6549
 436.000     454.5656
 437.000     331.2739
 438.000     179.4640
 439.000     430.8830
 440.000     791.7161
 441.000     550.6243
 442.000     540.8032
 443.000     950.4909
 444.000    1267.7787
 445.000    1083.6519
 446.000    1272.7292
 447.000    2122.4326
 448.000    2030.4684
 449.000    2172.2231
 450.000    1586.8737
 451.000    2141.1878
 452.000    1823.8864
 453.000    2174.0548
 454.000    2006.0467
 455.000    1084.8454
 456.000     799.8280
 457.000    1819.8729
 458.000    1377.3633
 459.000     488.1258
 460.000     910.0519
 461.000    1618.9206
 462.000     877.0672
 463.000     653.5500
 464.000    1709.5660
 465.000    1586.2973
 466.000     803.7524
 467.000     604.4621
 468.000    1115.8684
 469.000     935.5933
 470.000    1516.0844
 471.000    1510.2054
 472.000    1681.1118
 473.000    1824.6965
 474.000    1956.6643
 475.000    1368.6911
 476.000    1510.7389
 477.000    1259.5450
 478.000    1071.0699
 479.000     989.2256
 480.000     466.4742
 481.000     349.3272
 482.000     240.8271
 483.000     284.7909
 484.000     262.8676
 485.000     184.6960
 486.000     680.4528
 487.000     490.7917
 488.000     332.3956
 489.000     578.8681
 490.000     951.0392
 491.000    1063.5092
 492.000     941.4488
 493.000     714.7297
 494.000     269.7654
 495.000     634.1248
 496.000     965.2078
 497.000     467.2559
 498.000     365.8231
 499.000     731.4451
 500.000     659.7720
 501.000     438.3850
 502.000     645.7059
 503.000    1174.5532
 504.000     895.6869
 505.000     830.0359
 506.000    1235.9399
 507.000    1716.3672
 508.000    1523.7258
 509.000    1548.9927
 510.000    2140.1980
 511.000    2466.7888
 512.000    2178.5237
 513.000    2608.3923
 514.000    3248.5720
 515.000    3235.8794
 516.000    3606.4914
 517.000    2421.2795
 518.000    2692.7735
 519.000    2066.1985
 520.000    1808.3852
 521.000    1421.6862
 522.000    1633.4864
 523.000    2240.9150
 524.000    2124.8607
 525.000    2905.8108
 526.000    2923.0514
 527.000    3762.5405
 528.000    4914.8983
 529.000    4284.9562
 530.000    5376.3009
 531.000    4738.3221
 532.000    3650.8612
 533.000    4244.4182
 534.000    5179.8491
 535.000    3689.2258
 536.000    3382.9030
 537.000    5233.9537
 538.000    4928.0114
 539.000    3483.4265
 540.000    3964.0864
 541.000    5793.8042
 542.000    4895.7306
 543.000    4312.3250
 544.000    4115.7802
 545.000    5422.3394
 546.000    4843.5198
 547.000    3705.3887
 548.000    2225.1757
 549.000    2755.2414
 550.000    3772.4624
 551.000    3046.3561
 552.000    2169.5737
 553.000    3159.7465
 554.000    3685.3889
 555.000    2704.7127
 556.000    2138.3096
 557.000    2596.7718
 558.000    2210.1594
 559.000    2651.8477
 560.000    1863.3642
 561.000    1142.0814
 562.000    1059.1609
 563.000     721.6686
 564.000    1267.2009
 565.000     899.2751
 566.000     575.5671
 567.000     778.0474
 568.000    1088.7887
 569.000     988.0582
 570.000     799.4230
 571.000    1314.0758
 572.000    1540.9314
 573.000    1382.4264
 574.000    1411.1561
 575.000    1978.0615
 576.000    2365.0121
 577.000    1857.2344
 578.000    2288.3405
 579.000    3234.8888
 580.000    3070.4717
 581.000    2785.7218
 582.000    4098.4650
 583.000    4828.5752
 584.000    3665.5951
 585.000    3510.3714
 586.000    2600.5253
 587.000    2270.1074
 588.000    1813.7088
 589.000    2965.0360
 590.000    2528.3095
 591.000    3596.6125
 592.000    3248.1783
 593.000    3035.7074
 594.000    2939.4508
 595.000    3257.9605
 596.000    4573.5659
 597.000    1432.2235
 598.000    1639.3823
 599.000    2159.8761
 600.000    1884.5466
 601.000    2194.3042
 602.000    2741.7625
 603.000    3567.6081
 604.000    3159.9611
 605.000    3641.3176
 606.000    4658.1395
 607.000    4570.2802
 608.000    4614.2148
 609.000    5173.8626
 610.000    5370.0390
 611.000    5542.9945
 612.000    5684.8298
 613.000    6637.1376
 614.000    6877.8732
 615.000    6850.8461
 616.000    5509.2857
 617.000    4630.8370
 618.000    3831.6469
 619.000    2875.8235
 620.000    2377.8074
 621.000    1393.3782
 622.000    1577.4208
 623.000     954.7598
 624.000     784.0698
 625.000    1209.7831
 626.000    1591.0592
 627.000    2010.2259
 628.000    2770.9710
 629.000    3365.6179
 630.000    3952.4495
 631.000    3875.1179
 632.000    4473.2863
 633.000    5445.5855
 634.000    5621.4423
 635.000    5827.2819
 636.000    7356.7269
 637.000    8272.2373
 638.000    6885.2516
 639.000    9294.2291
 640.000    7480.8530
 641.000    5717.8099
 642.000    6454.2749
 643.000    4687.6630
 644.000    5059.1835
 645.000    3696.3838
 646.000    2786.2228
 647.000    2805.0939
 648.000    2081.6208
 649.000    2602.1356
 650.000    2633.4548
 651.000    1687.3560
 652.000    1396.8189
 653.000    1140.0136
 654.000    1445.7080
 655.000     940.2599
 656.000    1265.7411
 657.000     954.3693
 658.000    1262.7026
 659.000    1744.3129
 660.000    2115.3907
 661.000    2888.5037
 662.000    3685.3180
 663.000    4493.6447
 664.000    5843.5035
 665.000    7289.4542
 666.000    8325.3653
 667.000   11231.5530
 668.000   10435.4676
 669.000   11685.8724
 670.000   10035.7493
 671.000    8582.6860
 672.000   10385.7112
 673.000    8925.9527
 674.000    6831.6321
 675.000    6799.2614
 676.000    6296.9654
 677.000    7582.2986
 678.000    8472.3128
 679.000    9745.7502
 680.000    9819.8005
 681.000   10184.0051
 682.000    8334.5730
 683.000    7819.8047
 684.000    8701.6837
 685.000    9145.2533
 686.000    7351.3666
 687.000    5528.7727
 688.000    6141.3801
 689.000    5282.6040
 690.000    4671.3438
 691.000    5629.2355
 692.000    4231.0219
 693.000    4107.6092
 694.000    3064.8838
 695.000    3593.8102
 696.000    4048.4734
 697.000    5421.5159
 698.000    5431.5750
 699.000    7049.1984
 700.000    6999.3593
 701.000    9660.5501
 702.000    8829.7197
 703.000   11182.1179
 704.000   10632.4131
 705.000    8618.2564
 706.000    8700.8096
 707.000   10969.5308
 708.000   11306.3738
 709.000   14115.3225
 710.000   13398.7275
 711.000   12359.5232
 712.000   10201.1394
 713.000   11613.0291
 714.000    8464.3788
 715.000    8136.0050
 716.000    8601.6211
 717.000   10012.1727
 718.000    8606.7001
 719.000   11495.1991
 720.000   11823.4354
 721.000    8731.5721
 722.000   10661.2133
 723.000    8809.0004
 724.000    8269.4732
 725.000    6560.3010
 726.000    5534.2195
 727.000    4789.9262
 728.000    3850.4056
 729.000    4885.7816
 730.000    4673.2181
 731.000    6438.1263
 732.000    5923.7589
 733.000    7389.3067
 734.000    8550.1174
 735.000    9409.2480
 736.000   11543.4656
 737.000   12151.3807
 738.000   13500.7879
 739.000   14891.0028
 740.000   15788.7676
 741.000   17041.4336
 742.000   17483.4465
 743.000   15115.7273
 744.000   13968.3556
 745.000   13858.4161
 746.000   12264.1206
 747.000   13897.3038
 748.000   14343.5734
 749.000   15991.2637
 750.000   18543.6024
 751.000   16723.8405
 752.000   14663.1082
 753.000   14281.4126
 754.000   11739.6229
 755.000   10231.2650
 756.000    9567.1423
 757.000   11784.2739
 758.000   10960.2679
 759.000   10355.0748
 760.000   12402.5568
 761.000   10874.6742
 762.000   14032.1692
 763.000   13587.3624
 764.000   15726.4723
 765.000   14236.0470
 766.000   14299.3775
 767.000   12992.1552
 768.000   12532.7769
 769.000   13407.4607
 770.000   11969.8782
 771.000    9881.9071
 772.000    9258.3723
 773.000    6844.0005
 774.000    6019.5385
 775.000    4687.5495
 776.000    4208.0133
 777.000    3274.7720
 778.000    2696.7586
 779.000    2146.0169
 780.000    1683.9415
 781.000    1444.3525
 782.000    1337.7601
 783.000    1246.4015
 784.000     819.4258
 785.000     614.9635
 786.000     612.8946
 787.000     747.3043
 788.000    1051.6017
 789.000    1090.5937
 790.000    1594.6650
 791.000    2139.8003
 792.000   12785.7642
