#Res        B-factors
   1.000   44356.1640
   2.000   40192.9026
   3.000   32777.4300
   4.000   33344.6992
   5.000   39033.5595
   6.000   34724.1850
   7.000   28269.3249
   8.000   32206.0477
   9.000   34170.1188
  10.000   25543.0117
  11.000   24255.9547
  12.000   30805.4607
  13.000   29282.5708
  14.000   20825.2669
  15.000   23478.2113
  16.000   29709.1056
  17.000   26776.6877
  18.000   20263.3101
  19.000   22468.1192
  20.000   24960.9356
  21.000   20265.5181
  22.000   14886.2172
  23.000   20739.3637
  24.000   21290.3157
  25.000   14658.0887
  26.000   14026.8714
  27.000   18673.3532
  28.000   15753.2020
  29.000   11815.4534
  30.000   14484.5719
  31.000   17502.1946
  32.000   11682.5958
  33.000   10174.9660
  34.000   14651.0962
  35.000   17267.4465
  36.000   13253.6611
  37.000   17623.0900
  38.000   17892.1943
  39.000   22087.5150
  40.000   17614.8204
  41.000   13713.4678
  42.000   17748.3348
  43.000   18989.5715
  44.000   12330.0883
  45.000   12667.3406
  46.000   17860.9589
  47.000   16108.2874
  48.000   12838.3659
  49.000   13921.4696
  50.000   19329.2138
  51.000   13956.3293
  52.000   12156.8837
  53.000   15755.0318
  54.000   18474.7453
  55.000   13332.9792
  56.000   13147.9328
  57.000   19624.2909
  58.000   19541.7317
  59.000   14449.3607
  60.000   16591.5656
  61.000   21607.4845
  62.000   18709.3488
  63.000   16165.8691
  64.000   22962.6234
  65.000   25099.5326
  66.000   24652.9977
  67.000   20572.5925
  68.000   24668.9654
  69.000   30588.4426
  70.000   27206.0343
  71.000   32087.5397
  72.000   28953.0070
  73.000   23191.4736
  74.000   23444.8093
  75.000   24636.1608
  76.000   21118.8767
  77.000   16817.3063
  78.000   18933.0861
  79.000   18877.4341
  80.000   13848.1929
  81.000   12329.4095
  82.000   14643.8299
  83.000   14095.8238
  84.000    9370.0470
  85.000    9515.0181
  86.000    7137.1362
  87.000    7640.4955
  88.000   10488.8441
  89.000    9203.8182
  90.000    7313.5501
  91.000    8908.6038
  92.000   11316.2738
  93.000    9095.8014
  94.000    6619.2172
  95.000    7273.7260
  96.000    9448.4182
  97.000    6208.3752
  98.000    4419.7357
  99.000    6434.8035
 100.000    6858.0639
 101.000    4405.0064
 102.000    3785.2932
 103.000    6470.2170
 104.000    5915.3604
 105.000    3323.6724
 106.000    4508.9510
 107.000    6865.9245
 108.000    5876.9837
 109.000    3701.3846
 110.000    6405.2176
 111.000    8609.8993
 112.000    7725.9364
 113.000   11407.6501
 114.000   11327.9037
 115.000   15377.6722
 116.000   18862.4127
 117.000   21752.7479
 118.000   26695.7395
 119.000   24187.8041
 120.000   22273.9682
 121.000   23726.2190
 122.000   20224.2634
 123.000   15378.9467
 124.000   11833.7999
 125.000    9473.2849
 126.000    5470.8039
 127.000    5953.3032
 128.000    8623.9056
 129.000    8843.3455
 130.000    7732.5350
 131.000    5146.5120
 132.000    8117.1314
 133.000    9670.9437
 134.000    6149.3377
 135.000    6235.0237
 136.000    8583.2980
 137.000   10854.2411
 138.000   13120.9264
 139.000   15144.2252
 140.000   13693.9397
 141.000   16260.0615
 142.000   13590.5180
 143.000    8976.4165
 144.000   11380.0017
 145.000   12810.9220
 146.000    8804.4858
 147.000    5942.5516
 148.000    9221.8971
 149.000    9381.4166
 150.000    5274.3663
 151.000    5383.4453
 152.000    9101.0414
 153.000    9233.2944
 154.000    5377.2676
 155.000    4841.1372
 156.000    7899.7962
 157.000    7040.6007
 158.000    3779.9577
 159.000    4390.0794
 160.000    4955.5991
 161.000    4121.9023
 162.000    1965.9640
 163.000    3634.4628
 164.000    3936.8489
 165.000    2016.4439
 166.000    2186.5705
 167.000    3227.2114
 168.000    3757.0757
 169.000    2757.8340
 170.000    3177.8488
 171.000    4837.1616
 172.000    4771.8547
 173.000    4832.1628
 174.000    5343.1268
 175.000    7327.3109
 176.000    7619.6923
 177.000    9204.5637
 178.000    6517.4293
 179.000    6039.4392
 180.000    3711.3220
 181.000    2493.9936
 182.000    2842.8467
 183.000    4929.8938
 184.000    4676.3643
 185.000    2374.3408
 186.000    4218.4672
 187.000    6203.0570
 188.000    5570.4321
 189.000    5387.5596
 190.000    9394.7382
 191.000   12631.6144
 192.000   15015.7852
 193.000   20431.3960
 194.000   20286.9219
 195.000   24933.8187
 196.000   20808.5109
 197.000   18869.8705
 198.000   16440.3706
 199.000   10075.9986
 200.000   10029.4521
 201.000    7312.0335
 202.000    7931.5839
 203.000    9635.3387
 204.000    5467.5681
 205.000    5699.9912
 206.000    8779.7831
 207.000    7551.0957
 208.000    4575.1510
 209.000    6882.9164
 210.000    9355.8519
 211.000    6280.4595
 212.000    5425.4275
 213.000    9259.9220
 214.000    9416.0509
 215.000    5549.8801
 216.000    8077.1816
 217.000    9339.9871
 218.000    6607.2690
 219.000    5159.4677
 220.000    9297.8029
 221.000   10051.2088
 222.000    5704.5139
 223.000    7539.6029
 224.000   10100.4073
 225.000    8299.4176
 226.000    7015.5869
 227.000   11133.0789
 228.000   11950.2258
 229.000    9957.7103
 230.000    9662.8326
 231.000   15487.5600
 232.000   14399.0572
 233.000   13373.0300
 234.000   12858.3784
 235.000   18631.1092
 236.000   20496.5452
 237.000   17069.1554
 238.000   14104.1658
 239.000   15985.3296
 240.000   17662.0932
 241.000   16999.5761
 242.000   12794.6394
 243.000   10039.5792
 244.000    7631.7727
 245.000    8693.5444
 246.000    5767.6967
 247.000    8326.6989
 248.000    7998.3451
 249.000    4481.6796
 250.000    4133.4087
 251.000    2639.7452
 252.000    3924.9024
 253.000    2142.7623
 254.000    2235.5370
 255.000     749.3942
 256.000    1072.4795
 257.000    3165.6095
 258.000    2173.5636
 259.000    3793.4933
 260.000    4732.2127
 261.000    4128.9588
 262.000    6195.2224
 263.000    7715.4273
 264.000    6021.8523
 265.000    6215.6208
 266.000    6988.9817
 267.000    8100.9025
 268.000    7865.7205
 269.000    9570.2279
 270.000    7550.1029
 271.000    6613.8042
 272.000    5340.1043
 273.000    4131.6620
 274.000    4503.0019
 275.000    5391.3211
 276.000    6052.6245
 277.000    7791.6185
 278.000    8145.6805
 279.000    7766.0403
 280.000   10355.0276
 281.000   11471.5378
 282.000   11129.4621
 283.000   13199.9255
 284.000   10180.9614
 285.000   13603.0848
 286.000   12558.7634
 287.000   16123.2666
 288.000   12486.7383
 289.000    9583.8366
 290.000   12180.9313
 291.000   15708.7787
 292.000   11036.7555
 293.000   10974.9101
 294.000   15953.3659
 295.000   14056.6308
 296.000   10768.4507
 297.000   13013.0918
 298.000   17946.8238
 299.000   15322.4760
 300.000   15023.6085
 301.000   19117.6138
 302.000   16422.6125
 303.000   19229.3402
 304.000   20367.9672
 305.000   17122.4159
 306.000   22506.2700
 307.000   26899.3915
 308.000   23389.8947
 309.000   16846.6468
 310.000   18636.6249
 311.000   25081.8485
 312.000   21407.7828
 313.000   16396.2332
 314.000   14714.5519
 315.000   14280.3495
 316.000   15852.3728
 317.000   15365.3192
 318.000   17759.1076
 319.000   18980.3068
 320.000   21578.0991
 321.000   22520.7656
 322.000   19324.6240
 323.000   14232.6546
 324.000   11542.5647
 325.000    8216.7993
 326.000    8483.8714
 327.000    4743.6855
 328.000    5488.2844
 329.000    6579.2399
 330.000    7984.9537
 331.000   10121.2681
 332.000   12643.5932
 333.000   16128.2670
 334.000   18557.6076
 335.000   24638.9040
 336.000   21634.6545
 337.000   19777.5185
 338.000   16891.3222
 339.000   16197.5243
 340.000   10932.8518
 341.000    9957.4091
 342.000    9398.8560
 343.000   10673.9599
 344.000   11278.6052
 345.000    8674.1299
 346.000    8379.4131
 347.000    5512.4054
 348.000    4066.5625
 349.000    3194.9052
 350.000    5107.0565
 351.000    5884.6879
 352.000    3873.3970
 353.000    3932.5934
 354.000    6366.8758
 355.000    6831.3912
 356.000    4371.8285
 357.000    5877.4642
 358.000    9692.0491
 359.000    8465.9973
 360.000    7219.3702
 361.000   11815.7907
 362.000   13332.3108
 363.000   11504.4653
 364.000   13456.8688
 365.000   17717.6732
 366.000   18223.6684
 367.000   15789.0067
 368.000   21466.7595
 369.000   25511.5880
 370.000   22223.2815
 371.000   22964.9918
 372.000   17911.8298
 373.000   16784.9589
 374.000   18064.5018
 375.000   18406.8531
 376.000   11863.9372
 377.000   10077.8192
 378.000   10012.5347
 379.000    6572.7981
 380.000    4479.4288
 381.000    4125.6570
 382.000    7580.3514
 383.000    6817.5697
 384.000    3662.3867
 385.000    4882.8513
 386.000    7271.8498
 387.000    5297.8476
 388.000    3458.1740
 389.000    6577.5531
 390.000    7621.4079
 391.000    4456.9619
 392.000    4281.5583
 393.000    5910.3310
 394.000    5308.8031
 395.000    3833.1123
 396.000    4974.1595
 397.000    5141.5447
 398.000    7623.2163
 399.000    7128.8292
 400.000    5746.9603
 401.000    8109.8449
 402.000    9327.1414
 403.000    8649.2597
 404.000    9075.6294
 405.000    7337.9156
 406.000    6772.0294
 407.000    8616.4711
 408.000   10090.0297
 409.000    9804.3571
 410.000    7246.5193
 411.000    8982.3768
 412.000    8407.8947
 413.000    7733.6244
 414.000    8481.3547
 415.000    8163.1012
 416.000    5761.6942
 417.000    6079.7264
 418.000    6189.4235
 419.000    5009.8992
 420.000    3609.9060
 421.000    4294.4978
 422.000    4010.6213
 423.000    2616.9356
 424.000    2360.5988
 425.000    2736.1883
 426.000    2608.8687
 427.000    1306.5877
 428.000    1793.0262
 429.000    2915.6001
 430.000    2083.8614
 431.000    1057.4579
 432.000    2042.9075
 433.000    2655.7818
 434.000    1393.4327
 435.000     939.3698
 436.000    3103.9600
 437.000    2465.6843
 438.000     970.4509
 439.000    1163.2784
 440.000    3346.3032
 441.000    2068.8808
 442.000    1003.4986
 443.000    2474.3534
 444.000    3694.9617
 445.000    2342.5695
 446.000    1965.1200
 447.000    4491.8973
 448.000    4270.6976
 449.000    5699.4748
 450.000    4519.8021
 451.000    5999.6012
 452.000    4896.0426
 453.000    7467.9777
 454.000    7270.9249
 455.000    3546.6091
 456.000    4530.9358
 457.000    7972.9609
 458.000    6097.3536
 459.000    3253.4412
 460.000    5816.7621
 461.000    8171.3632
 462.000    4756.8444
 463.000    4466.4938
 464.000    8724.2818
 465.000    8396.0355
 466.000    5242.4310
 467.000    4422.6065
 468.000    6723.2160
 469.000    5687.8368
 470.000    8587.1653
 471.000    9107.4374
 472.000   10085.5620
 473.000   11860.0325
 474.000   12208.8232
 475.000    9856.6496
 476.000    9450.4757
 477.000    6478.5844
 478.000    7337.9810
 479.000    7733.6683
 480.000    3598.9535
 481.000    3307.9697
 482.000    1889.0989
 483.000    1888.0730
 484.000    2474.4030
 485.000    1162.5818
 486.000    1908.1685
 487.000     839.4108
 488.000     878.4409
 489.000    1923.3589
 490.000    2339.6546
 491.000    1872.3051
 492.000    1784.2405
 493.000    1298.0866
 494.000     529.2711
 495.000    2002.8305
 496.000    2489.4345
 497.000     968.5528
 498.000    2568.9821
 499.000    3351.5081
 500.000    2333.9038
 501.000    2477.8315
 502.000    4474.4994
 503.000    5800.8867
 504.000    4111.3279
 505.000    5001.4548
 506.000    8269.6352
 507.000    8410.3018
 508.000    7523.6939
 509.000   10706.3310
 510.000   12533.2302
 511.000   11658.0385
 512.000   11058.3094
 513.000   15733.7951
 514.000   16386.4093
 515.000   14659.7169
 516.000   18475.1182
 517.000   12245.3787
 518.000   15300.8018
 519.000   12293.6120
 520.000    9978.5536
 521.000    8123.0998
 522.000    6575.4772
 523.000    8297.2949
 524.000    8413.9657
 525.000    8719.6373
 526.000   10029.5608
 527.000   10898.3165
 528.000   14455.4234
 529.000   15506.2540
 530.000   19674.7279
 531.000   20102.4839
 532.000   14867.8712
 533.000   15933.9807
 534.000   21077.7769
 535.000   17316.6222
 536.000   13216.1725
 537.000   19006.3728
 538.000   20543.9872
 539.000   14031.7935
 540.000   14138.7655
 541.000   21942.6415
 542.000   18508.9354
 543.000   15098.0436
 544.000   13122.8800
 545.000   19138.8506
 546.000   18608.7481
 547.000   14697.3503
 548.000    9559.0141
 549.000   13037.9919
 550.000   17333.7196
 551.000   13814.8231
 552.000   11505.0790
 553.000   17695.4942
 554.000   18115.9675
 555.000   14008.4640
 556.000   13326.7673
 557.000   17150.1318
 558.000   14679.1742
 559.000   15360.5302
 560.000   11791.6586
 561.000    7113.5929
 562.000    9198.4497
 563.000    6988.2028
 564.000   10848.5029
 565.000    7870.4475
 566.000    5091.8531
 567.000    7428.9363
 568.000    9031.4316
 569.000    5146.5640
 570.000    4921.7051
 571.000    9630.1290
 572.000    8143.2653
 573.000    6487.4946
 574.000    9335.1154
 575.000   11215.1461
 576.000    9365.1334
 577.000    9032.1619
 578.000   13102.1260
 579.000   14552.9401
 580.000   12324.7356
 581.000   13139.3805
 582.000   18754.1452
 583.000   20951.9608
 584.000   16519.0942
 585.000   16494.3403
 586.000   13557.1962
 587.000   11383.7182
 588.000    9858.8431
 589.000   15317.7666
 590.000   14306.1664
 591.000   19006.9854
 592.000   16481.2511
 593.000   17422.7489
 594.000   16697.6190
 595.000   19441.9074
 596.000   24200.7090
 597.000    5485.7451
 598.000    5240.8178
 599.000    4472.1699
 600.000    3775.7025
 601.000    5511.0032
 602.000    4783.9406
 603.000    7957.9976
 604.000    9027.1177
 605.000    8153.7529
 606.000   10323.5563
 607.000   12459.1333
 608.000   13145.1160
 609.000   16979.3801
 610.000   17016.0799
 611.000   13973.0237
 612.000   13802.4931
 613.000   15207.4073
 614.000   13401.5510
 615.000   14533.0930
 616.000   11933.3448
 617.000    8340.2778
 618.000    8713.3213
 619.000    5496.4742
 620.000    5820.3807
 621.000    3722.3332
 622.000    3628.1398
 623.000    3645.2968
 624.000    4286.9309
 625.000    3273.2192
 626.000    3029.0447
 627.000    2689.5106
 628.000    3592.4854
 629.000    4203.3029
 630.000    5343.2014
 631.000    6354.4433
 632.000    7015.8620
 633.000    7330.1590
 634.000    9800.7542
 635.000   11012.9351
 636.000   14059.1417
 637.000   14898.3980
 638.000   11866.1079
 639.000   17301.4703
 640.000   12545.8107
 641.000    8297.7494
 642.000    9928.0840
 643.000    6336.2915
 644.000    7535.6350
 645.000    5528.6142
 646.000    4214.2198
 647.000    3776.8168
 648.000    2811.9797
 649.000    3516.1974
 650.000    4087.6757
 651.000    3231.9240
 652.000    3969.1945
 653.000    4992.5032
 654.000    3824.6675
 655.000    2962.6126
 656.000    2457.5896
 657.000    2891.3989
 658.000    2719.4069
 659.000    2788.6520
 660.000    3323.2320
 661.000    4987.3877
 662.000    6179.5714
 663.000    9109.4658
 664.000   11262.0257
 665.000   16123.4501
 666.000   17014.4928
 667.000   24288.1248
 668.000   21373.7248
 669.000   24374.3064
 670.000   20293.6117
 671.000   15770.5457
 672.000   19674.8420
 673.000   16278.1349
 674.000   11422.5578
 675.000   11053.1027
 676.000   10207.8207
 677.000   13224.1632
 678.000   15027.7479
 679.000   18077.6363
 680.000   18438.1839
 681.000   19815.3840
 682.000   15883.9392
 683.000   13715.3336
 684.000   15223.7341
 685.000   16903.1298
 686.000   13724.9590
 687.000    9130.8433
 688.000   10004.9195
 689.000    8058.6253
 690.000    7114.9828
 691.000    9768.7135
 692.000    7069.4659
 693.000    5853.8329
 694.000    4171.5432
 695.000    4633.5858
 696.000    5347.3588
 697.000    8275.5044
 698.000    8689.8797
 699.000   12676.8562
 700.000   14137.6146
 701.000   21228.0597
 702.000   21051.6393
 703.000   27997.4491
 704.000   27882.2796
 705.000   23718.0122
 706.000   22907.0316
 707.000   29741.4448
 708.000   33783.1716
 709.000   42256.6098
 710.000   40773.8986
 711.000   35527.9563
 712.000   28368.9915
 713.000   31555.4251
 714.000   24052.6603
 715.000   20593.1415
 716.000   20269.6608
 717.000   21362.8589
 718.000   16955.0709
 719.000   23884.1644
 720.000   24039.0304
 721.000   15655.4815
 722.000   19142.1450
 723.000   15119.4049
 724.000   14139.8164
 725.000   10738.4083
 726.000    8188.1850
 727.000    7019.1611
 728.000    5637.8688
 729.000    7090.3893
 730.000    8827.8762
 731.000   11915.5517
 732.000   12432.5808
 733.000   14880.5885
 734.000   18987.0812
 735.000   19152.1254
 736.000   24493.8936
 737.000   24198.8400
 738.000   26420.7102
 739.000   30348.7900
 740.000   31813.4940
 741.000   34056.3393
 742.000   35372.7993
 743.000   29750.8428
 744.000   28906.6253
 745.000   28653.0961
 746.000   26572.8984
 747.000   31238.7041
 748.000   33291.6620
 749.000   36667.2470
 750.000   41754.0013
 751.000   36024.7121
 752.000   31699.0133
 753.000   31231.1160
 754.000   25433.2408
 755.000   21741.8330
 756.000   21488.5615
 757.000   27188.2620
 758.000   26746.2611
 759.000   23643.4867
 760.000   31993.4343
 761.000   27312.2977
 762.000   38146.3161
 763.000   36398.5086
 764.000   41341.2398
 765.000   35862.5000
 766.000   33755.9427
 767.000   28862.9729
 768.000   27462.3426
 769.000   31445.8696
 770.000   27761.5111
 771.000   23101.2906
 772.000   19413.1935
 773.000   15803.8617
 774.000   11212.4419
 775.000    8014.4174
 776.000    6386.1911
 777.000    4502.3561
 778.000    3543.3656
 779.000    2743.8948
 780.000    2725.2889
 781.000    3315.9047
 782.000    3739.1448
 783.000    5564.5739
 784.000    4528.0270
 785.000    4834.2248
 786.000    3666.7149
 787.000    3245.5703
 788.000    2430.8690
 789.000    2643.1327
 790.000    2480.2425
 791.000    2816.0556
 792.000   44517.7615
