#Res        B-factors
   1.000   39397.1742
   2.000   35837.3876
   3.000   29728.5398
   4.000   29781.8411
   5.000   34921.8044
   6.000   31486.0389
   7.000   25998.2581
   8.000   29417.0976
   9.000   31047.9099
  10.000   23758.2383
  11.000   22744.1460
  12.000   28574.8478
  13.000   27639.3191
  14.000   19960.1102
  15.000   22155.4784
  16.000   27064.3146
  17.000   24649.0870
  18.000   19360.2396
  19.000   20659.0862
  20.000   22741.1061
  21.000   18900.9721
  22.000   14203.2549
  23.000   18669.5245
  24.000   19204.6323
  25.000   13746.9753
  26.000   13193.3974
  27.000   16768.6618
  28.000   14439.5020
  29.000   11200.9840
  30.000   13185.2788
  31.000   15659.5464
  32.000   10816.1493
  33.000    9626.0421
  34.000   13214.5417
  35.000   15344.3577
  36.000   12054.6442
  37.000   15562.8346
  38.000   15592.7823
  39.000   18915.3440
  40.000   15682.3653
  41.000   12447.2102
  42.000   15720.7314
  43.000   16955.7286
  44.000   11562.1883
  45.000   11760.1577
  46.000   16230.5261
  47.000   15015.6435
  48.000   12288.9109
  49.000   12989.3623
  50.000   17779.4568
  51.000   13714.6132
  52.000   11889.9395
  53.000   14852.4234
  54.000   17736.7261
  55.000   13255.1742
  56.000   12625.8822
  57.000   18307.6450
  58.000   18734.5710
  59.000   14241.7187
  60.000   16141.6494
  61.000   20593.6985
  62.000   18045.3986
  63.000   15689.2132
  64.000   21727.9379
  65.000   23440.2020
  66.000   22811.7120
  67.000   18813.1863
  68.000   21595.3956
  69.000   27314.2271
  70.000   24382.0243
  71.000   27773.3888
  72.000   25774.2948
  73.000   20567.8409
  74.000   21407.8074
  75.000   22529.0666
  76.000   19127.8900
  77.000   15739.1171
  78.000   17939.3146
  79.000   17917.7299
  80.000   13235.5156
  81.000   12200.7579
  82.000   14403.7409
  83.000   14157.0038
  84.000    9980.0519
  85.000    9598.5556
  86.000    7009.8078
  87.000    6308.1311
  88.000    9098.1491
  89.000    8859.2271
  90.000    6818.6362
  91.000    7878.4837
  92.000    9354.9937
  93.000    7361.1031
  94.000    5743.3864
  95.000    6223.9689
  96.000    7322.4299
  97.000    4440.3595
  98.000    3726.2083
  99.000    5160.1674
 100.000    4880.9592
 101.000    3085.7028
 102.000    2967.1631
 103.000    4762.2686
 104.000    3944.5510
 105.000    2274.1501
 106.000    3422.1226
 107.000    4887.6817
 108.000    3909.1686
 109.000    2731.4064
 110.000    4929.5185
 111.000    6197.0820
 112.000    5510.1806
 113.000    8064.6350
 114.000    7998.4805
 115.000   10791.2106
 116.000   13722.3636
 117.000   15191.4328
 118.000   18395.0249
 119.000   17280.5657
 120.000   15690.2036
 121.000   17065.9712
 122.000   14854.7703
 123.000   11215.5342
 124.000    8932.7389
 125.000    7260.8525
 126.000    4285.2008
 127.000    4927.6102
 128.000    6706.2106
 129.000    7134.4047
 130.000    5910.3269
 131.000    4365.0402
 132.000    7088.6028
 133.000    7585.0625
 134.000    4871.9815
 135.000    5325.2994
 136.000    7325.9304
 137.000    8940.6440
 138.000   11072.5019
 139.000   12076.8407
 140.000   10467.2567
 141.000   12440.7042
 142.000   10664.0846
 143.000    7134.7690
 144.000    8357.6639
 145.000    9472.0765
 146.000    6528.9938
 147.000    4268.0157
 148.000    6245.9795
 149.000    6544.1202
 150.000    3681.3016
 151.000    3389.4015
 152.000    5726.2517
 153.000    5679.8332
 154.000    3263.6446
 155.000    2867.9180
 156.000    4824.9935
 157.000    4082.8116
 158.000    2298.4197
 159.000    2389.1505
 160.000    2678.5704
 161.000    2443.7910
 162.000    1217.1068
 163.000    2136.8203
 164.000    2603.1381
 165.000    1650.4007
 166.000    1848.3929
 167.000    2772.5598
 168.000    3315.9804
 169.000    2814.5431
 170.000    3321.8715
 171.000    4927.7157
 172.000    4894.6020
 173.000    5196.0498
 174.000    5875.5102
 175.000    7747.7659
 176.000    7725.0913
 177.000    9764.2875
 178.000    6730.9370
 179.000    6398.1565
 180.000    3861.0063
 181.000    2607.9222
 182.000    2982.5701
 183.000    5031.2384
 184.000    4677.7218
 185.000    2543.5805
 186.000    4194.4284
 187.000    6132.8726
 188.000    5332.9043
 189.000    5212.3758
 190.000    9024.4259
 191.000   11490.4526
 192.000   14024.4574
 193.000   18094.8230
 194.000   17649.7045
 195.000   21474.0806
 196.000   17426.6644
 197.000   15539.5499
 198.000   14346.5054
 199.000    8884.8236
 200.000    9166.4255
 201.000    7188.8114
 202.000    6945.4578
 203.000    7921.8504
 204.000    4760.7584
 205.000    4872.3910
 206.000    6890.2094
 207.000    5907.8555
 208.000    3460.3349
 209.000    5005.9168
 210.000    6689.9137
 211.000    4266.1880
 212.000    3551.0338
 213.000    6223.0197
 214.000    5989.7437
 215.000    3412.2352
 216.000    5148.1512
 217.000    5831.9128
 218.000    4002.0427
 219.000    3220.6851
 220.000    6029.2829
 221.000    6435.5463
 222.000    3720.2718
 223.000    5066.0168
 224.000    6918.1464
 225.000    5913.8201
 226.000    5053.4213
 227.000    7901.8032
 228.000    8813.2075
 229.000    7651.9152
 230.000    7414.5641
 231.000   11622.5130
 232.000   11362.6968
 233.000   10736.7494
 234.000   10177.6600
 235.000   14435.3458
 236.000   15698.0858
 237.000   13034.5557
 238.000   10521.3657
 239.000   11637.0826
 240.000   12658.8252
 241.000   11949.5906
 242.000    8941.6247
 243.000    6904.6361
 244.000    5332.9976
 245.000    6293.3823
 246.000    4144.3716
 247.000    6243.8724
 248.000    6081.4489
 249.000    3269.6456
 250.000    3276.5752
 251.000    2048.7071
 252.000    2918.2042
 253.000    1538.5914
 254.000    1435.2726
 255.000     545.0023
 256.000     831.3792
 257.000    2236.2593
 258.000    1818.9176
 259.000    3063.7903
 260.000    3738.7110
 261.000    3542.5510
 262.000    5410.1016
 263.000    6338.5777
 264.000    4819.4006
 265.000    5106.4130
 266.000    5546.4411
 267.000    6172.5346
 268.000    6572.7531
 269.000    7926.9906
 270.000    6124.7729
 271.000    5739.8809
 272.000    4370.2543
 273.000    4375.3030
 274.000    5583.1308
 275.000    6541.2156
 276.000    7483.3390
 277.000    9140.4871
 278.000    9512.1569
 279.000    9079.7020
 280.000   11655.2230
 281.000   12817.2989
 282.000   12655.0234
 283.000   14471.8480
 284.000   11416.8924
 285.000   13954.3709
 286.000   12010.4064
 287.000   15108.4230
 288.000   13203.1584
 289.000    9720.5625
 290.000   10359.3808
 291.000   14363.7832
 292.000   10955.3936
 293.000    9208.8417
 294.000   12898.5917
 295.000   12329.4385
 296.000    8527.5914
 297.000   10705.8261
 298.000   14216.9929
 299.000   11847.1955
 300.000   11564.5903
 301.000   14908.4096
 302.000   13217.8770
 303.000   15839.9901
 304.000   17195.1844
 305.000   14767.7845
 306.000   18888.2702
 307.000   23078.5827
 308.000   20098.7622
 309.000   14842.9844
 310.000   16382.6633
 311.000   21736.0456
 312.000   18615.8169
 313.000   14492.9912
 314.000   12967.7580
 315.000   12253.1078
 316.000   13237.5265
 317.000   12913.4390
 318.000   15062.3348
 319.000   16599.0990
 320.000   18701.6112
 321.000   19550.6967
 322.000   16651.9437
 323.000   12970.3341
 324.000   10669.4707
 325.000    7899.1552
 326.000    7888.3691
 327.000    4754.2842
 328.000    5197.3452
 329.000    6574.2762
 330.000    7768.4807
 331.000    9791.7172
 332.000   11522.4768
 333.000   14588.5095
 334.000   16803.4001
 335.000   21887.1267
 336.000   19304.7805
 337.000   17578.2930
 338.000   15037.3902
 339.000   14631.6476
 340.000   10057.8067
 341.000    9270.4002
 342.000    8014.2459
 343.000    9124.7704
 344.000    9324.4552
 345.000    8421.5137
 346.000    9501.8823
 347.000    6619.9496
 348.000    4975.0151
 349.000    4249.7155
 350.000    6039.3431
 351.000    6680.1163
 352.000    4455.5108
 353.000    4771.4453
 354.000    6878.4276
 355.000    6435.9190
 356.000    4356.6252
 357.000    5696.7889
 358.000    9025.3647
 359.000    7558.7317
 360.000    6753.6036
 361.000   10705.0983
 362.000   11316.4346
 363.000    9819.6944
 364.000   11542.1976
 365.000   15129.9994
 366.000   15234.1785
 367.000   13599.6606
 368.000   18286.5671
 369.000   21587.8618
 370.000   19086.7265
 371.000   20083.4278
 372.000   16324.8015
 373.000   15045.0561
 374.000   15916.1511
 375.000   16322.5604
 376.000   10806.8679
 377.000    9070.4536
 378.000    8495.1775
 379.000    5810.6810
 380.000    4764.6094
 381.000    3731.1859
 382.000    6288.4781
 383.000    6378.1911
 384.000    3534.1053
 385.000    4086.4775
 386.000    6040.3671
 387.000    4579.0859
 388.000    2870.6068
 389.000    4832.3527
 390.000    5881.3773
 391.000    3550.1933
 392.000    3140.5194
 393.000    4684.1059
 394.000    4785.7912
 395.000    3650.2515
 396.000    4290.7404
 397.000    4674.2175
 398.000    6148.0470
 399.000    6325.9090
 400.000    5806.0462
 401.000    7198.1496
 402.000    8333.4351
 403.000    8491.6000
 404.000    9064.5050
 405.000    8027.5833
 406.000    6872.8306
 407.000    8307.9854
 408.000    9049.0090
 409.000    8717.2988
 410.000    6464.6996
 411.000    6455.4048
 412.000    5375.4408
 413.000    5506.5504
 414.000    5416.9319
 415.000    5737.7288
 416.000    4266.1819
 417.000    3890.1220
 418.000    4101.4433
 419.000    3829.6912
 420.000    2539.7167
 421.000    2694.6582
 422.000    2871.1089
 423.000    2181.7332
 424.000    1623.8859
 425.000    1759.5624
 426.000    1913.7408
 427.000     976.3132
 428.000    1127.8364
 429.000    1744.1839
 430.000    1246.8162
 431.000     657.3942
 432.000    1259.1992
 433.000    1641.1394
 434.000     861.5310
 435.000     667.2132
 436.000    2223.8087
 437.000    1586.7176
 438.000     677.9461
 439.000    1128.2520
 440.000    2621.1281
 441.000    1485.0294
 442.000     963.8922
 443.000    2348.3719
 444.000    3003.0190
 445.000    1898.5646
 446.000    1947.0724
 447.000    4214.2453
 448.000    3629.8895
 449.000    4736.0272
 450.000    3437.2637
 451.000    4309.2669
 452.000    3159.7217
 453.000    4780.6753
 454.000    4886.5438
 455.000    2298.4218
 456.000    2822.3004
 457.000    5462.9280
 458.000    4090.2823
 459.000    2037.1277
 460.000    3917.5715
 461.000    5459.1839
 462.000    3144.6659
 463.000    2879.9715
 464.000    5947.1671
 465.000    5704.7866
 466.000    3461.4927
 467.000    2806.7200
 468.000    4459.1812
 469.000    3854.5320
 470.000    5967.5989
 471.000    6111.6427
 472.000    7301.4927
 473.000    8137.1411
 474.000    8197.5577
 475.000    6277.2147
 476.000    5748.2517
 477.000    3913.3678
 478.000    4164.4058
 479.000    4615.1826
 480.000    2032.3990
 481.000    1971.1554
 482.000    1070.7491
 483.000    1137.8890
 484.000    1581.8800
 485.000     792.1135
 486.000    1621.7240
 487.000     888.9368
 488.000     618.1264
 489.000    1305.1620
 490.000    1880.6001
 491.000    1797.4222
 492.000    1532.7574
 493.000    1494.0472
 494.000     607.4495
 495.000    1956.4028
 496.000    2601.3115
 497.000    1010.4382
 498.000    1893.0222
 499.000    2817.1095
 500.000    2078.7633
 501.000    1775.0707
 502.000    3150.5250
 503.000    4500.8495
 504.000    2975.0758
 505.000    3202.8221
 506.000    5724.5329
 507.000    6198.9855
 508.000    5114.3715
 509.000    6803.7948
 510.000    8398.6082
 511.000    8204.2006
 512.000    7165.7879
 513.000   10237.8047
 514.000   11127.4805
 515.000    9791.0400
 516.000   11805.3919
 517.000    7376.4539
 518.000    8727.2596
 519.000    6845.3875
 520.000    5500.6253
 521.000    4745.4234
 522.000    3746.6011
 523.000    4805.2457
 524.000    5360.1525
 525.000    6360.4527
 526.000    7392.3796
 527.000    8358.7702
 528.000   10979.7396
 529.000   11543.2774
 530.000   14831.3911
 531.000   14553.2164
 532.000   11049.1659
 533.000   12339.6985
 534.000   16102.5147
 535.000   12772.9288
 536.000   10329.9733
 537.000   15183.3853
 538.000   15954.6353
 539.000   11033.0573
 540.000   11521.5098
 541.000   17691.6139
 542.000   15097.4076
 543.000   12839.1197
 544.000   11585.9924
 545.000   16350.4258
 546.000   15880.4717
 547.000   12584.4027
 548.000    8125.6241
 549.000   10731.1803
 550.000   14029.1939
 551.000   11002.4777
 552.000    8799.2524
 553.000   13397.1021
 554.000   13805.3665
 555.000   10242.3896
 556.000    9492.1590
 557.000   12363.0355
 558.000   10788.3198
 559.000   12255.3518
 560.000    8726.6324
 561.000    5374.1902
 562.000    6152.9271
 563.000    4432.8293
 564.000    6675.3930
 565.000    4883.7560
 566.000    3032.9671
 567.000    4346.8855
 568.000    5280.5756
 569.000    3010.7168
 570.000    2856.3330
 571.000    5620.8988
 572.000    4755.5990
 573.000    3978.8668
 574.000    5633.6853
 575.000    6780.8013
 576.000    6121.6200
 577.000    5806.7418
 578.000    8215.2940
 579.000    9521.7430
 580.000    8413.2913
 581.000    8795.8775
 582.000   12725.6346
 583.000   14492.0151
 584.000   11336.6802
 585.000   11290.5639
 586.000    8982.2595
 587.000    7659.2984
 588.000    6591.9604
 589.000   10431.9499
 590.000    9684.1751
 591.000   13126.9898
 592.000   11366.5620
 593.000   11752.9059
 594.000   11172.0460
 595.000   11917.0017
 596.000   16582.6422
 597.000    3698.3854
 598.000    4646.0658
 599.000    4919.0711
 600.000    4346.2464
 601.000    5766.6611
 602.000    5994.1896
 603.000    8814.4618
 604.000    8924.6832
 605.000    8842.9267
 606.000   11701.6613
 607.000   12430.4830
 608.000   12753.9889
 609.000   15425.8353
 610.000   15295.7983
 611.000   13986.4346
 612.000   13812.1276
 613.000   15660.2237
 614.000   15004.4858
 615.000   15203.5585
 616.000   12431.5946
 617.000    9855.9466
 618.000    9137.5298
 619.000    6355.8766
 620.000    6218.6660
 621.000    3924.8534
 622.000    3943.7989
 623.000    3093.1101
 624.000    3051.5337
 625.000    3172.8149
 626.000    3364.9064
 627.000    3733.7814
 628.000    5097.5861
 629.000    5936.2707
 630.000    7451.6143
 631.000    8525.1020
 632.000    9142.9663
 633.000   10225.0171
 634.000   11616.9112
 635.000   13883.9202
 636.000   15510.6094
 637.000   17062.8337
 638.000   14386.9870
 639.000   18062.5224
 640.000   14989.1010
 641.000   10714.8956
 642.000   12229.0214
 643.000    8425.8105
 644.000    9659.3540
 645.000    6721.3365
 646.000    5833.3220
 647.000    6215.6993
 648.000    7263.3025
 649.000    5913.0286
 650.000    4947.8582
 651.000    4835.3455
 652.000    3955.6667
 653.000    3142.4616
 654.000    3496.4692
 655.000    2605.4908
 656.000    3073.1671
 657.000    2704.4164
 658.000    2987.5855
 659.000    3678.0534
 660.000    4494.0061
 661.000    6289.5087
 662.000    7784.5781
 663.000   10275.4514
 664.000   12870.9138
 665.000   17034.2986
 666.000   18476.2900
 667.000   25016.6380
 668.000   22852.7669
 669.000   25374.3447
 670.000   21307.9478
 671.000   17783.6633
 672.000   21690.2371
 673.000   18364.6082
 674.000   13817.0306
 675.000   13551.8038
 676.000   12554.4302
 677.000   15410.9464
 678.000   17307.0076
 679.000   20113.9685
 680.000   20307.6416
 681.000   22498.8873
 682.000   17548.3372
 683.000   15912.9694
 684.000   17571.6264
 685.000   18650.7485
 686.000   15301.9412
 687.000   11140.3483
 688.000   12265.4992
 689.000   10459.7835
 690.000    9426.8464
 691.000   11895.2332
 692.000    9071.9231
 693.000    8095.1349
 694.000    5980.4043
 695.000    6710.8558
 696.000    7471.6359
 697.000   10528.7540
 698.000   10973.4067
 699.000   14720.3086
 700.000   15682.2385
 701.000   22315.2251
 702.000   21629.0100
 703.000   27826.4793
 704.000   26686.4819
 705.000   23177.6218
 706.000   22660.1344
 707.000   28968.2929
 708.000   31994.6791
 709.000   38765.2378
 710.000   38490.1149
 711.000   33857.5867
 712.000   27719.0617
 713.000   29981.1779
 714.000   22500.7706
 715.000   20294.7869
 716.000   20192.8659
 717.000   22054.1157
 718.000   17780.4273
 719.000   24412.7098
 720.000   24569.7054
 721.000   17228.3833
 722.000   20687.5938
 723.000   17246.8790
 724.000   16372.6152
 725.000   12955.4154
 726.000   10810.7464
 727.000    9457.3250
 728.000    7626.1556
 729.000    9790.3433
 730.000    9732.2755
 731.000   12825.1022
 732.000   12565.4213
 733.000   14934.6411
 734.000   17943.9434
 735.000   18745.9229
 736.000   23470.2885
 737.000   24547.1607
 738.000   26438.3893
 739.000   30459.7191
 740.000   31612.2402
 741.000   33326.3449
 742.000   32866.0725
 743.000   29065.7852
 744.000   27763.4266
 745.000   27008.2661
 746.000   24692.0176
 747.000   28494.1931
 748.000   30070.8603
 749.000   33978.4870
 750.000   38920.1351
 751.000   34602.6876
 752.000   30256.8581
 753.000   29872.0412
 754.000   23851.4456
 755.000   21409.3207
 756.000   21015.5922
 757.000   26187.5981
 758.000   26079.8578
 759.000   23871.9103
 760.000   30192.6548
 761.000   27264.6483
 762.000   35743.8477
 763.000   35326.9932
 764.000   39749.6002
 765.000   34960.4259
 766.000   33462.6733
 767.000   29271.3857
 768.000   28180.9688
 769.000   31640.3882
 770.000   28099.4658
 771.000   23568.2322
 772.000   20618.6375
 773.000   16624.1308
 774.000   13009.7822
 775.000    9884.1281
 776.000    8481.9011
 777.000    6414.5428
 778.000    5322.1550
 779.000    4233.7035
 780.000    3655.2915
 781.000    3686.9340
 782.000    3658.0342
 783.000    4598.5238
 784.000    3360.8584
 785.000    3075.5459
 786.000    2488.0941
 787.000    2474.8066
 788.000    2563.8473
 789.000    2484.5331
 790.000    2891.5378
 791.000    3390.6494
 792.000    6290.6261
