#Res        B-factors
   1.000     121.5379
   2.000      72.6405
   3.000      65.4021
   4.000      62.5212
   5.000      91.2415
   6.000      42.6750
   7.000      26.5861
   8.000      64.9040
   9.000      20.8837
  10.000      24.9576
  11.000      22.5962
  12.000      31.7000
  13.000      27.1504
  14.000      20.8837
  15.000      33.4243
  16.000      72.6248
  17.000      40.3355
  18.000      23.4149
  19.000      40.8523
  20.000      52.5467
  21.000      47.3054
  22.000      23.4651
  23.000      29.0602
  24.000      86.8104
  25.000      29.2647
  26.000      23.0878
  27.000      48.1428
  28.000      29.1573
  29.000      32.7668
  30.000      23.9551
  31.000      50.1319
  32.000      52.2146
  33.000      28.4532
  34.000      29.0649
  35.000      43.4434
  36.000      49.1086
  37.000      65.4986
  38.000     143.2285
  39.000     120.8852
  40.000      42.1903
  41.000      57.5030
  42.000     126.1985
  43.000      68.7644
  44.000      44.6023
  45.000      73.5741
  46.000      77.0433
  47.000      36.4984
  48.000      33.8320
  49.000      72.5190
  50.000      90.7428
  51.000      27.6464
  52.000      39.6938
  53.000      31.5667
  54.000      29.6779
  55.000      39.7337
  56.000      65.1382
  57.000      58.8856
  58.000      30.0690
  59.000      22.2795
  60.000      30.1467
  61.000      38.2583
  62.000      25.6337
  63.000      65.4522
  64.000      69.3058
  65.000      35.2277
  66.000      49.0713
  67.000      61.7766
  68.000     151.1147
  69.000      76.6033
  70.000      45.8705
  71.000     124.5792
  72.000      51.1884
  73.000      73.1920
  74.000      52.7924
  75.000      28.2093
  76.000      48.1898
  77.000      53.3082
  78.000      21.7245
  79.000      38.4226
  80.000      60.4778
  81.000      26.7276
  82.000      39.9128
  83.000      30.7651
  84.000     121.4109
  85.000      69.5295
  86.000      37.7057
  87.000      71.1481
  88.000      67.2975
  89.000      41.7454
  90.000      56.8907
  91.000      56.9540
  92.000     141.1886
  93.000      73.7214
  94.000      55.6787
  95.000      44.7777
  96.000     104.6408
  97.000      80.4502
  98.000      32.6423
  99.000      74.0664
 100.000      44.4956
 101.000      36.9918
 102.000      41.2898
 103.000      75.8613
 104.000      40.3530
 105.000      30.0735
 106.000      48.1238
 107.000      50.4781
 108.000      42.4410
 109.000      37.4517
 110.000      60.7446
 111.000      70.9569
 112.000      52.5206
 113.000     104.1272
 114.000      53.9298
 115.000      89.3211
 116.000     175.3934
 117.000     276.4877
 118.000     460.9783
 119.000     293.1640
 120.000     323.4430
 121.000     386.8739
 122.000     213.9150
 123.000      95.2119
 124.000      71.4347
 125.000      74.7481
 126.000      44.5728
 127.000      89.7742
 128.000      70.1788
 129.000      54.6903
 130.000      46.3097
 131.000      68.2864
 132.000      87.6074
 133.000      51.7262
 134.000      46.9859
 135.000      59.4466
 136.000      72.4956
 137.000      51.1002
 138.000     117.3916
 139.000      60.7625
 140.000      43.7782
 141.000      67.3184
 142.000      63.9060
 143.000      45.9016
 144.000      42.1514
 145.000      46.6250
 146.000      30.8826
 147.000      28.8490
 148.000      45.2962
 149.000      33.6994
 150.000      27.4675
 151.000      22.2174
 152.000      43.4762
 153.000      53.2444
 154.000      44.0167
 155.000      28.6440
 156.000      59.2799
 157.000      80.0898
 158.000      28.4273
 159.000      25.3669
 160.000      30.1335
 161.000      30.5852
 162.000      24.7024
 163.000      34.8526
 164.000      39.7187
 165.000      17.5381
 166.000      22.2326
 167.000      27.0386
 168.000      25.2900
 169.000      16.2152
 170.000      14.5962
 171.000      37.0921
 172.000      26.3326
 173.000      15.1721
 174.000     103.7673
 175.000      23.2659
 176.000      20.9771
 177.000      58.5280
 178.000      18.1039
 179.000      55.9710
 180.000      12.5861
 181.000      13.6983
 182.000      10.1359
 183.000      13.3486
 184.000      31.9233
 185.000      14.4917
 186.000      10.9703
 187.000      14.4873
 188.000      27.9240
 189.000      13.8247
 190.000      31.2247
 191.000      25.9859
 192.000      68.9758
 193.000      64.5258
 194.000      56.0341
 195.000      92.4209
 196.000      38.7506
 197.000      29.1828
 198.000      45.9420
 199.000      18.3185
 200.000      23.7607
 201.000      17.9172
 202.000      18.1041
 203.000      60.6975
 204.000      19.0078
 205.000      21.8289
 206.000      54.9987
 207.000      27.2694
 208.000      22.4091
 209.000      40.3451
 210.000      35.2239
 211.000      14.8065
 212.000      20.8666
 213.000      65.7410
 214.000      42.7937
 215.000      36.3127
 216.000      42.9956
 217.000      20.0012
 218.000      20.6745
 219.000      12.8687
 220.000      30.9728
 221.000      18.8206
 222.000      15.9257
 223.000      14.7385
 224.000      18.6411
 225.000      17.3912
 226.000      17.7864
 227.000      20.3034
 228.000      22.8775
 229.000      30.3718
 230.000      34.8091
 231.000      51.5715
 232.000      64.8498
 233.000      39.7351
 234.000      37.1480
 235.000      49.4033
 236.000      62.1078
 237.000      51.2708
 238.000      36.9700
 239.000      35.8338
 240.000      35.7108
 241.000      49.1019
 242.000      23.3266
 243.000      20.6605
 244.000      20.7984
 245.000      20.7019
 246.000      18.0406
 247.000      22.1305
 248.000      28.9218
 249.000      28.1353
 250.000      24.1070
 251.000      27.9051
 252.000      22.1578
 253.000      20.2511
 254.000      14.5849
 255.000      18.3102
 256.000      32.0715
 257.000      16.2406
 258.000      27.5317
 259.000      36.2086
 260.000      23.1912
 261.000      21.2606
 262.000      40.9828
 263.000      55.2653
 264.000      19.6067
 265.000      24.4318
 266.000      28.0436
 267.000      30.5415
 268.000      38.7177
 269.000     105.0777
 270.000      60.4837
 271.000      67.8283
 272.000      93.7723
 273.000      63.2659
 274.000      65.7189
 275.000      40.8787
 276.000      48.6680
 277.000     106.8459
 278.000      52.6528
 279.000      47.9169
 280.000      74.6798
 281.000     113.2406
 282.000      93.4135
 283.000      71.9674
 284.000      44.6578
 285.000      60.4481
 286.000      59.6821
 287.000     140.9402
 288.000      72.0520
 289.000      37.2739
 290.000      48.5032
 291.000     100.3355
 292.000      61.4926
 293.000      31.7794
 294.000      43.0960
 295.000      55.6148
 296.000      28.4928
 297.000      28.8408
 298.000      37.7348
 299.000      29.9182
 300.000      30.4100
 301.000      30.4724
 302.000      35.9814
 303.000      29.8641
 304.000      50.5804
 305.000      44.1444
 306.000      65.4721
 307.000     176.6066
 308.000      43.9846
 309.000      31.5851
 310.000      46.5518
 311.000     101.2971
 312.000      31.5225
 313.000      23.8906
 314.000      49.4374
 315.000      37.0900
 316.000      45.2690
 317.000      56.7537
 318.000      49.7308
 319.000      64.3834
 320.000     226.3256
 321.000     179.7655
 322.000     101.9286
 323.000     114.6760
 324.000      35.6168
 325.000      35.5291
 326.000      36.1470
 327.000      49.0992
 328.000      27.8613
 329.000      26.2289
 330.000      19.6031
 331.000      28.1134
 332.000      49.5754
 333.000      36.2905
 334.000      23.7709
 335.000      23.6528
 336.000      21.2099
 337.000      22.0484
 338.000      22.4205
 339.000      20.5183
 340.000      30.4911
 341.000      36.9968
 342.000      33.1976
 343.000      32.0989
 344.000      39.3059
 345.000     103.3704
 346.000      44.8658
 347.000      39.3390
 348.000      40.3081
 349.000      58.3423
 350.000      35.4875
 351.000      42.9067
 352.000      23.4650
 353.000      18.7201
 354.000      19.7870
 355.000      29.5708
 356.000      16.2043
 357.000      15.5793
 358.000      34.0226
 359.000      14.5952
 360.000      14.4366
 361.000      24.7492
 362.000      18.8500
 363.000      15.8778
 364.000      30.5966
 365.000      30.9492
 366.000      22.5649
 367.000      19.7540
 368.000      26.4075
 369.000      26.5631
 370.000      26.5626
 371.000      25.1800
 372.000      26.0536
 373.000      32.5855
 374.000      25.3573
 375.000      23.0282
 376.000      35.2412
 377.000      17.8622
 378.000      20.5455
 379.000      20.8649
 380.000      75.7199
 381.000      13.2037
 382.000      17.2941
 383.000      25.4710
 384.000      21.2448
 385.000      12.8709
 386.000      17.8243
 387.000      13.8728
 388.000      21.8578
 389.000      21.3322
 390.000      21.9156
 391.000      22.3740
 392.000      30.7587
 393.000      18.7397
 394.000      19.4317
 395.000      22.3949
 396.000      26.1278
 397.000      25.6179
 398.000      52.3442
 399.000      23.6057
 400.000      28.8329
 401.000      52.2260
 402.000      50.8844
 403.000      42.7309
 404.000      48.1134
 405.000      46.0500
 406.000      43.7896
 407.000      59.6615
 408.000      85.9000
 409.000     120.4539
 410.000      64.9892
 411.000     154.3876
 412.000      87.0383
 413.000      72.2201
 414.000      71.2502
 415.000      56.7731
 416.000      37.8359
 417.000      40.8920
 418.000      27.9256
 419.000      19.2742
 420.000      24.4584
 421.000      19.6582
 422.000      15.8089
 423.000      34.5610
 424.000      31.5388
 425.000      12.8360
 426.000      14.8055
 427.000      19.5840
 428.000      17.9896
 429.000      13.7208
 430.000      16.7640
 431.000      10.8198
 432.000      23.6229
 433.000      10.9674
 434.000      24.6474
 435.000       8.6496
 436.000      14.2904
 437.000      19.5639
 438.000      17.5134
 439.000       7.1048
 440.000      24.6381
 441.000      10.2328
 442.000       9.2019
 443.000      10.9573
 444.000      38.9991
 445.000      13.3879
 446.000      13.6865
 447.000      40.9569
 448.000      19.8430
 449.000      56.8468
 450.000      49.4730
 451.000      33.5946
 452.000      54.1652
 453.000      63.4921
 454.000      53.0252
 455.000      22.1267
 456.000      32.0317
 457.000      83.6691
 458.000      32.9642
 459.000      13.5428
 460.000      16.9114
 461.000      71.2136
 462.000      17.5293
 463.000      17.5810
 464.000      34.2790
 465.000      69.1145
 466.000      23.1303
 467.000      26.4254
 468.000      14.6778
 469.000      16.6554
 470.000      22.4587
 471.000      34.4169
 472.000      38.0246
 473.000      52.9004
 474.000      40.7948
 475.000      35.3238
 476.000      61.1577
 477.000      27.8240
 478.000      44.4803
 479.000      68.0674
 480.000      30.6720
 481.000      15.5047
 482.000      14.6142
 483.000      17.2660
 484.000      17.2034
 485.000      25.3376
 486.000      59.1098
 487.000      44.2554
 488.000      20.4885
 489.000      26.8222
 490.000      63.7636
 491.000      31.2081
 492.000     131.8851
 493.000      15.3905
 494.000      29.3586
 495.000      13.0801
 496.000      20.2060
 497.000     104.0822
 498.000      10.4509
 499.000      11.0810
 500.000      17.6553
 501.000      13.1274
 502.000      25.8671
 503.000      13.1831
 504.000      25.6739
 505.000      14.3792
 506.000      18.4567
 507.000      30.6501
 508.000      20.0109
 509.000      34.2021
 510.000      19.1257
 511.000      19.9982
 512.000      18.6925
 513.000      80.8559
 514.000      28.2669
 515.000      27.8666
 516.000      79.7120
 517.000      29.5567
 518.000     196.8879
 519.000      43.0004
 520.000      28.0223
 521.000      23.0748
 522.000      20.2900
 523.000      39.5359
 524.000      18.6736
 525.000      20.9127
 526.000      27.1932
 527.000      25.0363
 528.000      49.6675
 529.000      27.6255
 530.000      50.9970
 531.000      96.9962
 532.000      24.7554
 533.000      23.6561
 534.000      86.8817
 535.000      51.6186
 536.000      28.9924
 537.000      57.3764
 538.000      63.1637
 539.000      32.1264
 540.000      21.2290
 541.000     106.2636
 542.000      28.9852
 543.000      23.2017
 544.000      40.3343
 545.000      35.5620
 546.000      35.7419
 547.000      19.0930
 548.000      16.3277
 549.000      17.8858
 550.000      30.5764
 551.000      19.0225
 552.000      19.7376
 553.000      39.7931
 554.000      43.7875
 555.000      34.6896
 556.000      36.4370
 557.000      29.2281
 558.000      30.8643
 559.000      52.1126
 560.000      88.1058
 561.000      36.2840
 562.000      29.4105
 563.000      33.1706
 564.000     174.1741
 565.000      16.4103
 566.000      27.9507
 567.000      24.5557
 568.000      41.0030
 569.000      15.8925
 570.000      15.1671
 571.000      46.5058
 572.000      20.8996
 573.000      18.5730
 574.000      35.1222
 575.000      27.8470
 576.000      23.7093
 577.000      20.4181
 578.000      42.2999
 579.000      64.4254
 580.000      49.7541
 581.000      25.5166
 582.000     112.6015
 583.000      91.1103
 584.000      41.6839
 585.000      43.9306
 586.000      28.8378
 587.000      21.5668
 588.000      20.7632
 589.000      49.2655
 590.000     125.5611
 591.000     178.6776
 592.000      83.9295
 593.000     122.1366
 594.000     148.0851
 595.000     264.8067
 596.000     431.2576
 597.000     224.9774
 598.000     167.8355
 599.000     120.7128
 600.000      76.5731
 601.000      78.9966
 602.000      73.8560
 603.000      74.5452
 604.000     127.2758
 605.000      84.2688
 606.000      95.7984
 607.000      94.2229
 608.000      55.2851
 609.000      96.4580
 610.000     216.1185
 611.000      46.3198
 612.000      18.8516
 613.000      26.1802
 614.000      14.8131
 615.000      17.9566
 616.000      17.4339
 617.000      18.2721
 618.000      57.5914
 619.000      32.5223
 620.000      91.6025
 621.000     128.9771
 622.000      66.0831
 623.000      92.8845
 624.000     125.3012
 625.000      87.6519
 626.000     104.8639
 627.000      82.6450
 628.000     100.1123
 629.000      94.5038
 630.000     105.8878
 631.000     138.1540
 632.000     127.4060
 633.000     166.4996
 634.000     188.7622
 635.000     110.5424
 636.000      86.3265
 637.000      82.9004
 638.000     123.2999
 639.000      45.3919
 640.000      52.2531
 641.000      71.6475
 642.000      83.3989
 643.000      51.9737
 644.000      53.4663
 645.000      82.6309
 646.000      85.0006
 647.000      93.0652
 648.000      98.2384
 649.000     135.8341
 650.000     209.2725
 651.000     185.8082
 652.000     116.7302
 653.000     173.0108
 654.000     120.8864
 655.000     109.7181
 656.000      90.0480
 657.000     107.3757
 658.000     102.7956
 659.000      59.1260
 660.000      50.6094
 661.000      30.0951
 662.000      22.3243
 663.000      24.5708
 664.000      14.0668
 665.000      20.3140
 666.000      16.1910
 667.000      39.4153
 668.000      16.8309
 669.000      44.7449
 670.000      40.1660
 671.000      23.3595
 672.000      81.4839
 673.000      39.3841
 674.000      20.9178
 675.000      31.4010
 676.000      44.4711
 677.000      56.4215
 678.000      50.2320
 679.000      50.3233
 680.000      26.4697
 681.000      35.3938
 682.000      17.4183
 683.000      21.1976
 684.000      29.6090
 685.000      18.7910
 686.000      11.8347
 687.000      29.9436
 688.000      38.4634
 689.000      36.5925
 690.000      45.2804
 691.000      91.2970
 692.000     115.5783
 693.000      47.9992
 694.000      57.4903
 695.000      44.6342
 696.000      38.9021
 697.000      29.6984
 698.000      43.0152
 699.000      25.1856
 700.000      23.9827
 701.000      22.6262
 702.000      18.8698
 703.000      22.5694
 704.000      81.1333
 705.000      49.4995
 706.000      20.5199
 707.000      30.4085
 708.000      79.3682
 709.000      58.7885
 710.000      40.1791
 711.000      24.2203
 712.000      21.0028
 713.000      34.2433
 714.000      51.7747
 715.000      27.8449
 716.000      21.9247
 717.000      16.9568
 718.000      18.9247
 719.000      16.5638
 720.000      19.4701
 721.000      23.3082
 722.000     112.6325
 723.000      36.5424
 724.000      41.7287
 725.000      33.8036
 726.000      97.9918
 727.000      37.6247
 728.000      33.1897
 729.000      88.5657
 730.000      56.3769
 731.000      26.1072
 732.000      44.7927
 733.000      25.5822
 734.000      32.6263
 735.000      88.3659
 736.000      33.8387
 737.000      23.5104
 738.000      65.9537
 739.000      39.2087
 740.000      74.3217
 741.000     158.4573
 742.000     134.0402
 743.000     105.0852
 744.000      50.8653
 745.000     123.9411
 746.000      70.7134
 747.000      80.5710
 748.000      84.0002
 749.000      40.7555
 750.000      68.3112
 751.000      32.3870
 752.000      29.2416
 753.000      21.7798
 754.000      22.0554
 755.000      14.9003
 756.000      18.0369
 757.000      32.8383
 758.000      21.0837
 759.000      15.9757
 760.000      16.5444
 761.000      15.3058
 762.000      76.6341
 763.000      26.4611
 764.000      27.8482
 765.000      19.9139
 766.000      19.0553
 767.000      43.9155
 768.000      20.8621
 769.000      21.3316
 770.000      17.2646
 771.000      13.5912
 772.000      18.7052
 773.000      20.9542
 774.000      20.3019
 775.000      27.5576
 776.000      26.8344
 777.000      37.8174
 778.000      44.7216
 779.000      76.0496
 780.000     136.8626
 781.000     153.6203
 782.000     147.8375
 783.000     348.5044
 784.000     159.3859
 785.000     157.2672
 786.000     123.6321
 787.000     111.1502
 788.000      90.6656
 789.000     105.1227
 790.000     105.5859
 791.000     127.9878
 792.000      13.1557
