#Res        B-factors
   1.000     114.8716
   2.000      72.4000
   3.000      64.9088
   4.000      53.1213
   5.000      89.1308
   6.000      42.2342
   7.000      30.2667
   8.000      75.3505
   9.000      27.4423
  10.000      28.4877
  11.000      25.7903
  12.000      40.8566
  13.000      24.9539
  14.000      22.1310
  15.000      24.3622
  16.000      29.9131
  17.000      36.1901
  18.000      26.8535
  19.000      46.0711
  20.000      53.6985
  21.000      52.9431
  22.000      28.2468
  23.000      28.1901
  24.000      89.7937
  25.000      33.6401
  26.000      25.0317
  27.000      37.0965
  28.000      31.2112
  29.000      34.3916
  30.000      25.8359
  31.000      51.4957
  32.000      52.0222
  33.000      32.9356
  34.000      33.1390
  35.000      49.1491
  36.000      59.1185
  37.000      69.7778
  38.000     150.9872
  39.000     131.3729
  40.000      48.3082
  41.000      64.1358
  42.000     122.1095
  43.000      73.7482
  44.000      48.4364
  45.000      81.1197
  46.000      86.3730
  47.000      40.8644
  48.000      38.5711
  49.000      76.4459
  50.000      99.1212
  51.000      30.3013
  52.000      44.6827
  53.000      34.1369
  54.000      31.7199
  55.000      41.6918
  56.000      72.8760
  57.000      60.5397
  58.000      30.2339
  59.000      31.0747
  60.000      37.7983
  61.000      44.5315
  62.000      30.2581
  63.000      71.3537
  64.000      77.0131
  65.000      39.9463
  66.000      51.3241
  67.000      65.8983
  68.000     133.4378
  69.000      90.9879
  70.000      55.8377
  71.000     149.2147
  72.000      58.5692
  73.000      95.2876
  74.000      68.8298
  75.000      36.9150
  76.000      64.1922
  77.000      88.7332
  78.000      36.3494
  79.000      40.2252
  80.000      61.6604
  81.000      29.7745
  82.000      35.1959
  83.000      33.9009
  84.000      63.2799
  85.000      68.4542
  86.000      34.7814
  87.000      66.1756
  88.000      69.1412
  89.000      52.0784
  90.000      68.2114
  91.000      67.7865
  92.000     135.3525
  93.000     106.1897
  94.000      65.7521
  95.000      53.7526
  96.000     132.3650
  97.000     104.9541
  98.000      38.0682
  99.000      69.3704
 100.000      50.3289
 101.000      44.1244
 102.000      46.1241
 103.000      80.1645
 104.000      46.1365
 105.000      38.4998
 106.000      53.0224
 107.000      56.0828
 108.000      50.2971
 109.000      43.2682
 110.000      64.1092
 111.000      66.2312
 112.000      62.6051
 113.000     133.3027
 114.000      64.6590
 115.000      91.2550
 116.000     163.4106
 117.000     239.7809
 118.000     387.8116
 119.000     264.0201
 120.000     284.2418
 121.000     358.4244
 122.000     209.7145
 123.000      96.9236
 124.000      88.1799
 125.000      93.1133
 126.000      50.8989
 127.000     106.4958
 128.000     105.5821
 129.000      66.7602
 130.000      52.7231
 131.000      79.3555
 132.000     110.5426
 133.000      66.8565
 134.000      45.7870
 135.000      49.9889
 136.000      74.3205
 137.000      53.4374
 138.000      94.3563
 139.000      88.2335
 140.000      44.4917
 141.000      86.3215
 142.000      71.0772
 143.000      53.2682
 144.000      47.5165
 145.000      56.4024
 146.000      39.6311
 147.000      33.0772
 148.000      57.9843
 149.000      46.5382
 150.000      39.7750
 151.000      32.5012
 152.000      61.7658
 153.000     118.1271
 154.000      53.9563
 155.000      39.9513
 156.000      81.6576
 157.000      86.0886
 158.000      36.1384
 159.000      31.6004
 160.000      38.2588
 161.000      39.5668
 162.000      31.2250
 163.000      39.1257
 164.000      58.1281
 165.000      25.1250
 166.000      24.1791
 167.000      40.6379
 168.000      33.2659
 169.000      21.8771
 170.000      20.6353
 171.000      48.1244
 172.000      31.9123
 173.000      19.7730
 174.000      92.6800
 175.000      29.9453
 176.000      22.5610
 177.000      62.3887
 178.000      18.7375
 179.000      56.0659
 180.000      16.0695
 181.000      18.3460
 182.000      11.9094
 183.000      13.6511
 184.000      28.3725
 185.000      16.0548
 186.000      11.0993
 187.000      13.3652
 188.000      26.4800
 189.000      12.8547
 190.000      29.4925
 191.000      36.8801
 192.000      83.8422
 193.000     146.8352
 194.000      81.3933
 195.000     106.2250
 196.000      46.6884
 197.000      32.2545
 198.000      39.4868
 199.000      19.5963
 200.000      26.0195
 201.000      16.4059
 202.000      17.5640
 203.000      67.6479
 204.000      18.5126
 205.000      23.1497
 206.000      53.5888
 207.000      21.1201
 208.000      25.4140
 209.000      45.0087
 210.000      38.0155
 211.000      14.9452
 212.000      20.4400
 213.000      62.1541
 214.000      38.9515
 215.000      25.6889
 216.000      42.3599
 217.000      21.1799
 218.000      20.9103
 219.000      12.1756
 220.000      28.5080
 221.000      18.8271
 222.000      15.3556
 223.000      15.0644
 224.000      18.2923
 225.000      17.9696
 226.000      18.0190
 227.000      21.3984
 228.000      24.9024
 229.000      33.2554
 230.000      43.5787
 231.000      56.7097
 232.000      68.3053
 233.000      44.1512
 234.000      41.1356
 235.000      52.3480
 236.000      68.2141
 237.000      64.8362
 238.000      44.5669
 239.000      37.4725
 240.000      38.2082
 241.000      45.0935
 242.000      26.0530
 243.000      23.9513
 244.000      24.6490
 245.000      26.0395
 246.000      24.8768
 247.000      30.3392
 248.000      33.5353
 249.000      28.8329
 250.000      32.2509
 251.000      35.0279
 252.000      26.6092
 253.000      28.3336
 254.000      18.9504
 255.000      19.5470
 256.000      16.7101
 257.000      17.0838
 258.000      30.5610
 259.000      53.1232
 260.000      24.9684
 261.000      25.6586
 262.000      45.0351
 263.000      57.4142
 264.000      21.7519
 265.000      27.1149
 266.000      29.9557
 267.000      33.0177
 268.000      42.0341
 269.000     130.5300
 270.000      79.8079
 271.000      93.4627
 272.000     117.2231
 273.000     126.1426
 274.000      99.3183
 275.000      62.6224
 276.000      71.1923
 277.000     126.4861
 278.000      66.7372
 279.000      61.0182
 280.000      94.3058
 281.000     129.3442
 282.000     101.9209
 283.000      88.0108
 284.000      55.9754
 285.000      70.1584
 286.000      53.2520
 287.000     127.4913
 288.000      76.9822
 289.000      49.6862
 290.000      41.5780
 291.000      88.1509
 292.000      65.7016
 293.000      40.5317
 294.000      49.6317
 295.000      59.7892
 296.000      38.0679
 297.000      34.6957
 298.000      42.6950
 299.000      37.6383
 300.000      43.6760
 301.000      41.5543
 302.000      44.0462
 303.000      47.4616
 304.000      73.9886
 305.000      53.0123
 306.000      72.2430
 307.000     168.5704
 308.000      46.9259
 309.000      37.3661
 310.000      45.3146
 311.000      93.2875
 312.000      33.9812
 313.000      28.7781
 314.000      47.1764
 315.000      41.1722
 316.000      54.0879
 317.000      66.9687
 318.000      84.0464
 319.000      98.1354
 320.000     276.5431
 321.000     186.7489
 322.000      97.0997
 323.000     135.7763
 324.000      42.0383
 325.000      41.0101
 326.000      39.7068
 327.000      53.2853
 328.000      28.1574
 329.000      31.5308
 330.000      22.8045
 331.000      30.0339
 332.000      50.4477
 333.000      37.8917
 334.000      25.8994
 335.000      31.5790
 336.000      22.5297
 337.000      22.7010
 338.000      25.5399
 339.000      23.8539
 340.000      31.8578
 341.000      39.8239
 342.000      41.0800
 343.000      36.2455
 344.000      49.6016
 345.000     124.9779
 346.000      54.3615
 347.000      42.7698
 348.000      46.5724
 349.000      61.1950
 350.000      40.4548
 351.000      53.3827
 352.000      28.5704
 353.000      26.0998
 354.000      27.6831
 355.000      53.4808
 356.000      19.4865
 357.000      24.5036
 358.000      39.3624
 359.000      17.5464
 360.000      16.5564
 361.000      27.1093
 362.000      24.6218
 363.000      17.9927
 364.000      34.6875
 365.000      34.2143
 366.000      25.3625
 367.000      24.6109
 368.000      35.0034
 369.000      38.8349
 370.000      34.5410
 371.000      30.6913
 372.000      33.7154
 373.000      50.6851
 374.000      33.0152
 375.000      26.3332
 376.000      47.0022
 377.000      21.8149
 378.000      24.6509
 379.000      27.7637
 380.000      70.9514
 381.000      16.0279
 382.000      19.1275
 383.000      28.0007
 384.000      24.3409
 385.000      16.0786
 386.000      19.8371
 387.000      16.2456
 388.000      25.3196
 389.000      39.3714
 390.000      30.9724
 391.000      31.3543
 392.000      37.5789
 393.000      26.6802
 394.000      25.2155
 395.000      28.7797
 396.000      31.4812
 397.000      41.0375
 398.000      94.2023
 399.000      33.5697
 400.000      40.6650
 401.000      75.9619
 402.000      65.5850
 403.000      60.3418
 404.000      70.1311
 405.000      73.3798
 406.000      72.4609
 407.000     109.7867
 408.000     148.5335
 409.000     198.5388
 410.000     119.9723
 411.000     251.5868
 412.000      77.3342
 413.000      83.2376
 414.000      85.4768
 415.000      74.6537
 416.000      52.7317
 417.000      48.0455
 418.000      30.4245
 419.000      22.9114
 420.000      29.5695
 421.000      19.3562
 422.000      16.7787
 423.000      37.7688
 424.000      27.4012
 425.000      12.1673
 426.000      15.6982
 427.000      19.2842
 428.000      17.4439
 429.000      12.7030
 430.000      15.8647
 431.000       9.6771
 432.000      14.6392
 433.000      11.1200
 434.000      29.4664
 435.000       8.6701
 436.000      13.4741
 437.000      50.7707
 438.000      16.5612
 439.000       7.3327
 440.000      25.9834
 441.000      12.7177
 442.000      12.0027
 443.000      11.0538
 444.000      31.0215
 445.000      17.3025
 446.000      17.6276
 447.000      41.9975
 448.000      23.4538
 449.000      52.6612
 450.000      35.5358
 451.000      35.4595
 452.000      60.4379
 453.000      70.2175
 454.000      50.7352
 455.000      24.7525
 456.000      31.4231
 457.000      69.8244
 458.000      34.9008
 459.000      24.3476
 460.000      47.6997
 461.000      53.7239
 462.000      29.1093
 463.000      26.7646
 464.000      44.1454
 465.000      63.9677
 466.000      30.7275
 467.000      20.1058
 468.000      16.8315
 469.000      21.1086
 470.000      28.4286
 471.000      39.9048
 472.000      42.3976
 473.000      67.6135
 474.000      55.1806
 475.000      44.6574
 476.000      74.4694
 477.000      30.3107
 478.000      44.9690
 479.000      99.3675
 480.000      36.3300
 481.000      21.7388
 482.000      21.0920
 483.000      28.7331
 484.000      24.7910
 485.000      36.7889
 486.000      62.8269
 487.000      43.7874
 488.000      21.6634
 489.000      25.9391
 490.000      62.3164
 491.000      36.9044
 492.000      96.6474
 493.000      14.4974
 494.000      26.2106
 495.000      10.8335
 496.000      17.2741
 497.000      45.5939
 498.000      12.7739
 499.000      10.6776
 500.000      16.4496
 501.000      14.3240
 502.000      28.7438
 503.000      15.5480
 504.000      27.3197
 505.000      17.6328
 506.000      23.6627
 507.000      38.5302
 508.000      44.5620
 509.000      42.6350
 510.000      25.9901
 511.000      25.4982
 512.000      25.2331
 513.000      93.7626
 514.000      37.6880
 515.000      37.0624
 516.000      98.5046
 517.000      38.1622
 518.000     177.3615
 519.000      48.6190
 520.000      33.1982
 521.000      37.5902
 522.000      26.6642
 523.000      48.7194
 524.000      23.9445
 525.000      27.5725
 526.000      49.5798
 527.000      32.5291
 528.000      52.7523
 529.000      39.2044
 530.000      60.9705
 531.000     103.7670
 532.000      30.1835
 533.000      28.0879
 534.000      86.8089
 535.000      53.2745
 536.000      25.9115
 537.000      50.1757
 538.000      60.4646
 539.000      32.0945
 540.000      23.9713
 541.000      82.3514
 542.000      30.5578
 543.000      27.2908
 544.000      43.1027
 545.000      38.1067
 546.000      40.3872
 547.000      23.3121
 548.000      18.6094
 549.000      21.6415
 550.000      35.7933
 551.000      24.2999
 552.000      24.8955
 553.000      46.8476
 554.000      50.6863
 555.000      41.3928
 556.000      30.3468
 557.000      37.3679
 558.000      34.2394
 559.000      56.1283
 560.000      89.7153
 561.000      37.4185
 562.000      38.8733
 563.000      28.1062
 564.000     155.1564
 565.000      19.7107
 566.000      23.5163
 567.000      26.1052
 568.000      52.3683
 569.000      18.9847
 570.000      14.9359
 571.000      45.8192
 572.000      24.2546
 573.000      18.8776
 574.000      35.7006
 575.000      31.7448
 576.000      24.5183
 577.000      20.4136
 578.000      40.6817
 579.000      62.3921
 580.000      52.3037
 581.000      26.7697
 582.000     111.5856
 583.000     105.1814
 584.000      47.4630
 585.000      53.2105
 586.000      30.3694
 587.000      22.6092
 588.000      21.1183
 589.000      38.9865
 590.000      51.2075
 591.000     106.1203
 592.000      45.3360
 593.000      55.4101
 594.000      53.6385
 595.000      69.2342
 596.000     173.8603
 597.000     344.1765
 598.000     212.2212
 599.000     136.9989
 600.000      93.4157
 601.000      92.5667
 602.000      80.6491
 603.000      83.3513
 604.000     157.9948
 605.000      68.0194
 606.000     119.0522
 607.000     117.8651
 608.000      65.7753
 609.000     117.7808
 610.000     217.3410
 611.000      34.3981
 612.000      20.2758
 613.000      16.5555
 614.000      13.3684
 615.000      19.3671
 616.000      20.0145
 617.000      19.1656
 618.000      52.4045
 619.000      35.7368
 620.000      90.5936
 621.000     129.7436
 622.000      80.4571
 623.000     102.8791
 624.000     143.4920
 625.000     106.2677
 626.000     132.7924
 627.000     108.7435
 628.000     127.8952
 629.000     126.5378
 630.000     135.3920
 631.000     188.2764
 632.000     161.8499
 633.000     192.8333
 634.000     277.9043
 635.000     290.7936
 636.000     261.4930
 637.000     124.9147
 638.000      99.0136
 639.000      70.7234
 640.000      64.5443
 641.000      92.0537
 642.000     114.8080
 643.000      71.1116
 644.000      71.7113
 645.000     107.8161
 646.000     114.8146
 647.000     126.4927
 648.000     131.4737
 649.000     181.3066
 650.000     228.8403
 651.000     223.4161
 652.000     162.6005
 653.000     228.8056
 654.000     155.4485
 655.000     134.9568
 656.000     104.3087
 657.000     119.3465
 658.000     123.7492
 659.000      79.0636
 660.000      56.7099
 661.000      37.5387
 662.000      26.3408
 663.000      24.7834
 664.000      15.0390
 665.000      20.1956
 666.000      28.8275
 667.000      37.7294
 668.000      18.1191
 669.000      41.9151
 670.000      39.2500
 671.000      28.6933
 672.000      87.1472
 673.000      41.8463
 674.000      26.6648
 675.000      42.1757
 676.000      58.9876
 677.000      73.1938
 678.000      62.1534
 679.000      50.0551
 680.000      30.5416
 681.000      47.0107
 682.000      20.3944
 683.000      26.1929
 684.000      40.2668
 685.000      24.2557
 686.000      13.0930
 687.000      32.5332
 688.000      49.5498
 689.000      46.2311
 690.000      58.4160
 691.000     118.3104
 692.000     145.3676
 693.000      61.6108
 694.000      77.1376
 695.000      61.5102
 696.000      52.8357
 697.000      45.3452
 698.000      39.2994
 699.000      29.9392
 700.000      31.1598
 701.000      27.4065
 702.000      23.7695
 703.000      29.3290
 704.000      87.3516
 705.000      71.1732
 706.000      26.5702
 707.000      42.3355
 708.000     102.8550
 709.000      83.4281
 710.000      72.3542
 711.000      48.6324
 712.000      34.0796
 713.000      48.3024
 714.000      73.1408
 715.000      20.3925
 716.000      26.5020
 717.000      16.8863
 718.000      18.1536
 719.000      21.2441
 720.000      27.4297
 721.000      30.2303
 722.000     125.8346
 723.000      53.7060
 724.000      64.7472
 725.000      33.8285
 726.000      87.8567
 727.000      44.3086
 728.000      37.5357
 729.000      77.6809
 730.000      53.1748
 731.000      25.8671
 732.000      58.6007
 733.000      33.0322
 734.000      41.6355
 735.000     100.9538
 736.000      48.1296
 737.000      32.3904
 738.000      70.0371
 739.000      46.4755
 740.000      68.1233
 741.000     129.6811
 742.000     136.9813
 743.000     138.3712
 744.000      93.9721
 745.000     169.2766
 746.000      94.1872
 747.000      93.3254
 748.000      89.7306
 749.000      51.5707
 750.000      96.6878
 751.000      41.3137
 752.000      42.8655
 753.000      30.7371
 754.000      32.6439
 755.000      23.4654
 756.000      23.5922
 757.000      21.1449
 758.000      32.8239
 759.000      19.4696
 760.000      34.2018
 761.000      21.6030
 762.000      96.2328
 763.000      37.0602
 764.000      28.1717
 765.000      23.5573
 766.000      21.1114
 767.000      47.1416
 768.000      20.2510
 769.000      29.3844
 770.000      20.5491
 771.000      16.3141
 772.000      23.3855
 773.000      25.1900
 774.000      21.3438
 775.000      31.3716
 776.000      31.6058
 777.000      49.9843
 778.000      50.3885
 779.000      91.9101
 780.000     150.6309
 781.000     209.2397
 782.000     177.5273
 783.000     353.8214
 784.000     181.1876
 785.000     174.7633
 786.000     142.8463
 787.000     125.8001
 788.000     108.2092
 789.000     129.2492
 790.000     135.0750
 791.000     170.4873
 792.000      16.8794
