#Res        B-factors
   1.000     104.2899
   2.000      85.4896
   3.000      78.5173
   4.000     116.6150
   5.000     107.9752
   6.000      52.1188
   7.000      42.6828
   8.000      93.1718
   9.000      42.7010
  10.000      42.4471
  11.000      41.8841
  12.000      52.3013
  13.000      68.1996
  14.000      39.4606
  15.000      40.3286
  16.000      72.9713
  17.000      71.5696
  18.000      37.5529
  19.000      52.6650
  20.000      63.7829
  21.000      63.2337
  22.000      38.8767
  23.000      29.9071
  24.000      88.0749
  25.000      50.7154
  26.000      36.9565
  27.000      41.8733
  28.000      45.0433
  29.000      47.1173
  30.000      31.3601
  31.000      56.9020
  32.000      77.5132
  33.000      40.1571
  34.000      40.0313
  35.000      60.0789
  36.000      72.3151
  37.000      89.2083
  38.000     171.0888
  39.000     147.1432
  40.000      63.6466
  41.000      84.0972
  42.000     150.5216
  43.000      93.9137
  44.000      69.4836
  45.000      94.2544
  46.000      97.3007
  47.000      56.1343
  48.000      57.6336
  49.000      89.2496
  50.000      99.6337
  51.000      43.3936
  52.000      62.2426
  53.000      50.7048
  54.000      44.7462
  55.000      58.6397
  56.000     102.6402
  57.000      80.5196
  58.000      48.3470
  59.000      42.8419
  60.000      53.4902
  61.000      57.3698
  62.000      45.0181
  63.000      77.7086
  64.000      68.0016
  65.000      48.5663
  66.000      67.1311
  67.000      76.1743
  68.000     194.5332
  69.000     103.0136
  70.000      70.8374
  71.000     159.3995
  72.000      78.0194
  73.000      94.7936
  74.000      79.0690
  75.000      53.5400
  76.000      71.2185
  77.000      95.3921
  78.000      45.8611
  79.000      53.5013
  80.000      84.5954
  81.000      47.8666
  82.000      59.7175
  83.000      48.8703
  84.000     158.1681
  85.000     112.3690
  86.000      77.2933
  87.000     140.6470
  88.000     108.2005
  89.000      69.9186
  90.000      50.6074
  91.000      66.9413
  92.000     114.8459
  93.000      99.4143
  94.000      70.8579
  95.000      51.5251
  96.000     124.2496
  97.000      90.4692
  98.000      38.4808
  99.000      77.3008
 100.000      51.3193
 101.000      42.8047
 102.000      57.5720
 103.000      79.7949
 104.000      46.1672
 105.000      33.9371
 106.000      51.6562
 107.000      58.7660
 108.000      51.3706
 109.000      51.7130
 110.000      69.6645
 111.000      74.2963
 112.000      70.2786
 113.000     131.9902
 114.000      79.8433
 115.000     122.0967
 116.000     236.1944
 117.000     342.3099
 118.000     542.7029
 119.000     344.2981
 120.000     335.6793
 121.000     381.5753
 122.000     259.6695
 123.000     121.0300
 124.000      93.8055
 125.000      89.1776
 126.000      55.1618
 127.000      95.5104
 128.000      80.8570
 129.000      69.4651
 130.000      55.9978
 131.000      62.7823
 132.000      98.7216
 133.000      63.4387
 134.000      49.7448
 135.000      60.2110
 136.000      84.3606
 137.000      56.4223
 138.000     105.0694
 139.000      89.5854
 140.000      53.3305
 141.000      93.9323
 142.000      83.3886
 143.000      57.1606
 144.000      58.9011
 145.000      75.2139
 146.000      48.4289
 147.000      40.8582
 148.000      61.2830
 149.000      50.7415
 150.000      36.7857
 151.000      38.4124
 152.000      78.8548
 153.000     120.3486
 154.000      46.7568
 155.000      37.5988
 156.000      65.2107
 157.000      90.6957
 158.000      34.8314
 159.000      39.7057
 160.000      48.2563
 161.000      43.1143
 162.000      24.9813
 163.000      45.3991
 164.000      55.3120
 165.000      39.8241
 166.000      27.0049
 167.000      40.1276
 168.000      33.7042
 169.000      24.0720
 170.000      26.0398
 171.000      51.3729
 172.000      42.0017
 173.000      19.8813
 174.000      81.9482
 175.000      32.6011
 176.000      37.7202
 177.000      80.9162
 178.000      22.6768
 179.000      76.3457
 180.000      19.5382
 181.000      17.0639
 182.000      12.2368
 183.000      16.2571
 184.000      26.9640
 185.000      22.6569
 186.000      14.6827
 187.000      19.1432
 188.000      45.4684
 189.000      11.6303
 190.000      28.2400
 191.000      18.9468
 192.000      55.5624
 193.000      49.1283
 194.000      60.0692
 195.000     118.8241
 196.000      58.8621
 197.000      43.4285
 198.000      43.0997
 199.000      19.7829
 200.000      26.6441
 201.000      23.7150
 202.000      23.9420
 203.000      38.9765
 204.000      20.5789
 205.000      28.0901
 206.000      59.1885
 207.000      22.6301
 208.000      32.9582
 209.000      55.1008
 210.000      86.2146
 211.000      18.9736
 212.000      26.4305
 213.000      75.2800
 214.000      43.5333
 215.000      22.5761
 216.000      54.5256
 217.000      23.8067
 218.000      21.3363
 219.000      13.1255
 220.000      29.4356
 221.000      18.7056
 222.000      14.9623
 223.000      14.2581
 224.000      17.2045
 225.000      15.6446
 226.000      15.3618
 227.000      19.6609
 228.000      20.4571
 229.000      29.1356
 230.000      29.6034
 231.000      52.4487
 232.000      65.1399
 233.000      41.9849
 234.000      53.3043
 235.000      49.8565
 236.000      69.2422
 237.000      71.2816
 238.000      50.3938
 239.000      41.7301
 240.000      39.0769
 241.000      55.7410
 242.000      28.4466
 243.000      25.5954
 244.000      25.1958
 245.000      28.3586
 246.000      29.7586
 247.000      33.2614
 248.000      29.5599
 249.000      33.1464
 250.000      22.9781
 251.000      25.7171
 252.000      38.8698
 253.000      24.1192
 254.000      33.3341
 255.000     104.5103
 256.000      78.7887
 257.000      20.0774
 258.000      34.9165
 259.000      46.4486
 260.000      21.5576
 261.000      21.7452
 262.000      35.8485
 263.000      50.5898
 264.000      16.9076
 265.000      24.6999
 266.000      23.7423
 267.000      29.4410
 268.000      37.2673
 269.000     126.6616
 270.000      48.6601
 271.000      62.6575
 272.000      63.9086
 273.000      67.7955
 274.000      47.8998
 275.000      32.3354
 276.000      32.2055
 277.000      77.0443
 278.000      38.7088
 279.000      37.9709
 280.000      50.9946
 281.000      84.3842
 282.000      70.1666
 283.000      59.0979
 284.000      39.5891
 285.000      70.5770
 286.000      58.7981
 287.000     125.3731
 288.000      56.6589
 289.000      29.8303
 290.000      38.5875
 291.000      98.1747
 292.000      51.2531
 293.000      33.1902
 294.000      41.0323
 295.000      47.7333
 296.000      34.5908
 297.000      25.7974
 298.000      38.6880
 299.000      38.4252
 300.000      34.1799
 301.000      32.4319
 302.000      34.6054
 303.000      30.5892
 304.000      47.5735
 305.000      34.6310
 306.000      44.7839
 307.000     159.0991
 308.000      43.4077
 309.000      34.6516
 310.000      37.5338
 311.000      97.6739
 312.000      33.9218
 313.000      26.1941
 314.000      47.7494
 315.000      39.5109
 316.000      53.7492
 317.000      69.5199
 318.000      76.4922
 319.000      88.7941
 320.000     229.8751
 321.000     173.4336
 322.000      98.6686
 323.000     147.7421
 324.000      48.0394
 325.000      44.3482
 326.000      40.5866
 327.000      94.0328
 328.000      27.9180
 329.000      26.7429
 330.000      20.3781
 331.000      32.8543
 332.000      57.9900
 333.000      41.0416
 334.000      30.1162
 335.000      41.2495
 336.000      24.1021
 337.000      24.8087
 338.000      26.2360
 339.000      23.7616
 340.000      30.3286
 341.000      38.2760
 342.000      32.4328
 343.000      34.7664
 344.000      28.5527
 345.000      91.1576
 346.000      33.0240
 347.000      32.5504
 348.000      42.0751
 349.000      58.5622
 350.000      31.6220
 351.000      29.6074
 352.000      25.7825
 353.000      18.1579
 354.000      17.8417
 355.000      36.4854
 356.000      13.6705
 357.000      13.3817
 358.000      27.7942
 359.000      13.8829
 360.000      13.3910
 361.000      23.2527
 362.000      19.2762
 363.000      16.0735
 364.000      40.0928
 365.000      33.6597
 366.000      24.8390
 367.000      23.1399
 368.000      31.6342
 369.000      36.4553
 370.000      41.5053
 371.000      32.7743
 372.000      33.5204
 373.000      50.4437
 374.000      39.4621
 375.000      28.4925
 376.000      43.1216
 377.000      16.4165
 378.000      16.1984
 379.000      14.4501
 380.000      12.4765
 381.000      10.2027
 382.000      20.0986
 383.000      23.6839
 384.000      11.7105
 385.000      12.7694
 386.000      20.9373
 387.000      17.3718
 388.000      27.5080
 389.000      43.8155
 390.000      37.7354
 391.000      30.0129
 392.000      37.1066
 393.000      27.9637
 394.000      21.3602
 395.000      19.0705
 396.000      32.4394
 397.000      25.4028
 398.000      64.3243
 399.000      26.3161
 400.000      29.9942
 401.000      51.7134
 402.000      46.7456
 403.000      43.6358
 404.000      43.9189
 405.000      44.7228
 406.000      41.3502
 407.000      57.9506
 408.000      86.4800
 409.000     130.7339
 410.000     111.2266
 411.000     142.8195
 412.000     109.1714
 413.000      51.6168
 414.000      83.3912
 415.000      62.7812
 416.000      31.1997
 417.000      43.6452
 418.000      27.1744
 419.000      17.8096
 420.000      19.2756
 421.000      20.5779
 422.000      14.4882
 423.000      31.2331
 424.000      22.1695
 425.000      12.3366
 426.000      15.4900
 427.000      22.5468
 428.000      18.7191
 429.000      16.7768
 430.000      17.1468
 431.000      20.6511
 432.000      28.2314
 433.000      13.8660
 434.000      27.0632
 435.000      11.7654
 436.000      22.4374
 437.000      27.7210
 438.000      22.2573
 439.000      18.0993
 440.000      41.3095
 441.000      21.8317
 442.000      21.5067
 443.000      17.0785
 444.000      46.1303
 445.000      22.3937
 446.000      22.3553
 447.000      53.9100
 448.000      29.1714
 449.000      61.4427
 450.000      63.3847
 451.000      52.3369
 452.000      65.2560
 453.000      71.5420
 454.000      70.8465
 455.000      44.6329
 456.000      47.7213
 457.000      92.3617
 458.000      59.8327
 459.000      41.3141
 460.000      60.7651
 461.000      84.1352
 462.000      28.7054
 463.000      27.8886
 464.000      62.0278
 465.000      57.8681
 466.000      25.6122
 467.000      25.3764
 468.000      17.5275
 469.000      24.0903
 470.000      33.7652
 471.000      55.4906
 472.000      55.4022
 473.000      90.0549
 474.000      79.4085
 475.000      65.0866
 476.000      74.9294
 477.000      48.2522
 478.000      61.8326
 479.000     143.2564
 480.000      59.9542
 481.000      53.6027
 482.000      26.9213
 483.000      38.5980
 484.000      36.1717
 485.000      41.3718
 486.000      61.9521
 487.000      44.9402
 488.000      28.6298
 489.000      47.1982
 490.000      67.7101
 491.000      39.3077
 492.000      90.1296
 493.000      10.9964
 494.000      23.3154
 495.000      11.2139
 496.000      14.2424
 497.000     116.4296
 498.000      11.1311
 499.000      10.0340
 500.000      42.3447
 501.000      14.8205
 502.000      23.3014
 503.000      14.5558
 504.000      22.3473
 505.000      17.1095
 506.000      29.9605
 507.000      37.4778
 508.000      25.2243
 509.000      49.1739
 510.000      27.1897
 511.000      26.6305
 512.000      24.6204
 513.000      90.7097
 514.000      37.1260
 515.000      34.6615
 516.000      95.0273
 517.000      35.0062
 518.000     134.9613
 519.000      47.5364
 520.000      38.0370
 521.000      36.1649
 522.000      28.4822
 523.000      42.6072
 524.000      23.2675
 525.000      27.8415
 526.000      30.7160
 527.000      31.2472
 528.000      61.4602
 529.000      38.5645
 530.000      62.5268
 531.000     106.0380
 532.000      33.4554
 533.000      31.3552
 534.000      97.2075
 535.000      63.6630
 536.000      41.9031
 537.000      58.0905
 538.000      67.8745
 539.000      39.3551
 540.000      24.8990
 541.000      89.8246
 542.000      29.0607
 543.000      22.2034
 544.000      35.3754
 545.000      33.4764
 546.000      49.5786
 547.000      24.5767
 548.000      16.6898
 549.000      23.0938
 550.000      49.4915
 551.000      28.2382
 552.000      24.2304
 553.000      53.4104
 554.000      68.7729
 555.000      38.7372
 556.000      29.8706
 557.000      39.4397
 558.000      34.2200
 559.000      62.2186
 560.000      82.6594
 561.000      32.0362
 562.000      41.6312
 563.000      29.1111
 564.000     179.2344
 565.000      20.6229
 566.000      24.9410
 567.000      27.5972
 568.000      47.5236
 569.000      19.0743
 570.000      16.7848
 571.000      48.0798
 572.000      23.7235
 573.000      18.8736
 574.000      29.2245
 575.000      26.9549
 576.000      23.1494
 577.000      18.6134
 578.000      38.9547
 579.000      58.0911
 580.000      50.4961
 581.000      24.4498
 582.000     101.4187
 583.000      96.3536
 584.000      43.9702
 585.000      53.0587
 586.000      29.8704
 587.000      23.4137
 588.000      22.6570
 589.000      46.3116
 590.000      66.6019
 591.000     128.3983
 592.000      53.6664
 593.000      63.3443
 594.000      62.0575
 595.000      89.9993
 596.000     254.8874
 597.000     355.2563
 598.000     211.8559
 599.000     148.0577
 600.000      92.9287
 601.000      86.7392
 602.000      69.1352
 603.000      82.2568
 604.000     114.1828
 605.000      53.8477
 606.000      60.5352
 607.000     100.3323
 608.000      62.8050
 609.000     121.4624
 610.000     232.7802
 611.000      39.7979
 612.000      22.2798
 613.000      22.5812
 614.000      13.7385
 615.000      23.0642
 616.000      23.4995
 617.000      24.3492
 618.000      55.9448
 619.000      44.3893
 620.000      97.2042
 621.000     154.3551
 622.000      85.2921
 623.000     125.4013
 624.000     177.6643
 625.000     117.0721
 626.000     137.3468
 627.000     102.5825
 628.000     114.0530
 629.000     106.2231
 630.000     109.9846
 631.000     127.6542
 632.000      71.8037
 633.000     155.5696
 634.000     150.1443
 635.000      82.0049
 636.000      83.9868
 637.000      86.0449
 638.000      63.3071
 639.000      55.7434
 640.000      52.7275
 641.000      76.3918
 642.000     120.9700
 643.000      74.0453
 644.000      80.5573
 645.000     114.0964
 646.000     150.7364
 647.000     134.7901
 648.000     126.9082
 649.000     179.5284
 650.000     313.7020
 651.000     223.6192
 652.000     360.4382
 653.000     387.5176
 654.000     249.3978
 655.000     177.5449
 656.000     129.1436
 657.000     161.3346
 658.000     125.1822
 659.000      78.9551
 660.000      66.3962
 661.000      38.3609
 662.000      28.2148
 663.000      26.6634
 664.000      14.7168
 665.000      17.1084
 666.000      15.9307
 667.000      36.1352
 668.000      22.2839
 669.000      48.0676
 670.000      40.2507
 671.000      31.5712
 672.000     109.2385
 673.000      36.4680
 674.000      29.4523
 675.000      49.9643
 676.000      68.9860
 677.000      78.5936
 678.000      75.3240
 679.000      62.5446
 680.000      36.6660
 681.000      40.6614
 682.000      24.7549
 683.000      27.6492
 684.000      48.5624
 685.000      30.3084
 686.000      14.6184
 687.000      34.6797
 688.000      62.9583
 689.000      57.5332
 690.000      71.7126
 691.000     138.8011
 692.000     154.2981
 693.000      69.4857
 694.000      88.0005
 695.000      65.9923
 696.000      53.5914
 697.000      54.3179
 698.000      36.2872
 699.000      29.3691
 700.000      34.9067
 701.000      33.3628
 702.000      28.4887
 703.000      39.0710
 704.000     135.2817
 705.000      67.6744
 706.000      31.0128
 707.000      45.2643
 708.000      89.9824
 709.000      94.6677
 710.000      79.1973
 711.000      53.1286
 712.000      37.5759
 713.000     184.9161
 714.000      72.4580
 715.000      32.2382
 716.000      26.6380
 717.000      20.7865
 718.000      16.9542
 719.000      25.3750
 720.000      29.1657
 721.000      32.6366
 722.000     127.5969
 723.000      55.2963
 724.000      68.0684
 725.000      49.5394
 726.000     116.0547
 727.000      59.4361
 728.000      48.5439
 729.000     100.4299
 730.000      78.2721
 731.000      32.0637
 732.000      63.6593
 733.000      36.2898
 734.000      44.7617
 735.000     100.0959
 736.000      40.2677
 737.000      29.1382
 738.000      53.2483
 739.000      43.0022
 740.000      59.6823
 741.000     108.9038
 742.000     166.0550
 743.000      83.8665
 744.000      58.8760
 745.000     180.5794
 746.000      91.5667
 747.000     116.6366
 748.000      68.9871
 749.000      57.7648
 750.000      69.2092
 751.000      44.2533
 752.000      38.4235
 753.000      32.1036
 754.000      33.3035
 755.000      20.5303
 756.000      24.3966
 757.000     113.3979
 758.000      26.8902
 759.000      18.6716
 760.000      43.0531
 761.000      25.3611
 762.000      72.2508
 763.000      46.2466
 764.000      47.1721
 765.000      31.7800
 766.000      32.0373
 767.000      55.1279
 768.000      26.1596
 769.000      28.2348
 770.000      29.3419
 771.000      21.9123
 772.000      25.6863
 773.000      25.0697
 774.000      19.8316
 775.000      26.6919
 776.000      31.0598
 777.000      50.3042
 778.000      60.8679
 779.000     101.1629
 780.000     155.3232
 781.000     215.9765
 782.000     240.7537
 783.000     377.2488
 784.000     238.9518
 785.000     229.2656
 786.000     189.4077
 787.000     156.9115
 788.000     126.8260
 789.000     155.8751
 790.000     149.1253
 791.000     167.3858
 792.000      12.8388
