#Res        B-factors
   1.000      83.2938
   2.000      77.8356
   3.000      80.3055
   4.000      75.2924
   5.000     105.0290
   6.000      53.9329
   7.000      44.3504
   8.000      89.8969
   9.000      37.6399
  10.000      41.3202
  11.000      38.7705
  12.000      47.3108
  13.000      35.0947
  14.000      37.1027
  15.000      55.9632
  16.000     113.6662
  17.000      42.4177
  18.000      32.6239
  19.000      61.6586
  20.000      44.5480
  21.000      57.1164
  22.000      39.2022
  23.000      33.0154
  24.000      57.7904
  25.000      50.1054
  26.000      37.2733
  27.000      44.9312
  28.000      47.3739
  29.000      47.0601
  30.000      36.1104
  31.000      59.3079
  32.000      65.1764
  33.000      43.5282
  34.000      44.4629
  35.000      62.6571
  36.000      96.8247
  37.000      96.1690
  38.000     178.7673
  39.000     153.1120
  40.000      70.0636
  41.000      84.6554
  42.000     149.7773
  43.000      94.0566
  44.000      70.9450
  45.000      93.5286
  46.000     100.4798
  47.000      57.6084
  48.000      56.4164
  49.000      84.4015
  50.000     104.7857
  51.000      45.2083
  52.000      63.6692
  53.000      55.0885
  54.000      42.7357
  55.000      64.2169
  56.000      95.2028
  57.000      83.7373
  58.000      50.2408
  59.000      56.4869
  60.000      65.5989
  61.000      63.0216
  62.000      56.3849
  63.000      84.2053
  64.000      80.0033
  65.000      58.2791
  66.000      81.1161
  67.000      99.3736
  68.000     194.8747
  69.000     111.8436
  70.000      82.9894
  71.000     162.3380
  72.000      87.7999
  73.000     123.2222
  74.000      89.5733
  75.000      58.6498
  76.000      92.5938
  77.000     112.3301
  78.000      47.0623
  79.000      64.2853
  80.000     121.4831
  81.000      63.7861
  82.000      68.1621
  83.000      74.6838
  84.000     122.1474
  85.000     238.3923
  86.000      61.0408
  87.000     102.1283
  88.000      61.7391
  89.000      64.6755
  90.000      56.1591
  91.000      76.3825
  92.000     132.7585
  93.000     113.1659
  94.000      85.6711
  95.000      59.1937
  96.000     145.9382
  97.000     117.6990
  98.000      40.4015
  99.000      87.4942
 100.000      65.8685
 101.000      52.4844
 102.000      57.5201
 103.000     100.4744
 104.000      58.5379
 105.000      47.7695
 106.000      70.7518
 107.000      74.2120
 108.000      64.3849
 109.000      64.4067
 110.000      93.0709
 111.000     104.6167
 112.000      78.5881
 113.000     140.3860
 114.000      96.4489
 115.000     133.6299
 116.000     226.6878
 117.000     338.7157
 118.000     533.6704
 119.000     340.8216
 120.000     343.1787
 121.000     395.2362
 122.000     256.7149
 123.000     135.5032
 124.000     115.5088
 125.000     119.7285
 126.000      79.0734
 127.000     145.5504
 128.000     145.9453
 129.000      95.5849
 130.000      86.9615
 131.000      84.0492
 132.000     135.8402
 133.000      86.1639
 134.000      71.2724
 135.000      80.0737
 136.000      80.6145
 137.000      90.4801
 138.000     177.0491
 139.000      98.5276
 140.000      88.8897
 141.000      92.0724
 142.000      94.4207
 143.000      64.9105
 144.000      71.6756
 145.000      80.3933
 146.000      57.1700
 147.000      39.9273
 148.000      76.9561
 149.000      66.1855
 150.000      53.8122
 151.000      46.7922
 152.000      76.3448
 153.000      96.5052
 154.000      73.9041
 155.000      43.4609
 156.000      97.9293
 157.000     100.7326
 158.000      43.6240
 159.000      39.0428
 160.000      45.3665
 161.000      43.0047
 162.000      27.1376
 163.000      50.4887
 164.000      59.2696
 165.000      22.8219
 166.000      24.9749
 167.000      39.4335
 168.000      32.1613
 169.000      22.8708
 170.000      34.6932
 171.000      53.1369
 172.000      39.3522
 173.000      24.0266
 174.000      98.9431
 175.000      35.4973
 176.000      39.0887
 177.000      87.5988
 178.000      46.2283
 179.000     131.3431
 180.000      25.6004
 181.000      23.7474
 182.000      18.9578
 183.000      34.8578
 184.000      39.9701
 185.000      21.5283
 186.000      22.4415
 187.000      27.5183
 188.000      61.3474
 189.000      21.5657
 190.000      42.9991
 191.000      30.7066
 192.000      72.1798
 193.000      76.6475
 194.000      66.6390
 195.000     114.9771
 196.000      59.9006
 197.000      45.9157
 198.000      51.6483
 199.000      28.2902
 200.000      36.3198
 201.000      36.7628
 202.000      32.8754
 203.000      50.4426
 204.000      26.6686
 205.000      38.4922
 206.000      66.7772
 207.000      38.2452
 208.000      37.2289
 209.000      60.8700
 210.000      78.7525
 211.000      22.8665
 212.000      31.9832
 213.000      72.8051
 214.000      41.9565
 215.000      27.7375
 216.000      55.4815
 217.000      26.3255
 218.000      25.9582
 219.000      15.5568
 220.000      38.5220
 221.000      22.1335
 222.000      15.8446
 223.000      18.0179
 224.000      19.8689
 225.000      17.7807
 226.000      19.5481
 227.000      25.0123
 228.000      25.2614
 229.000      33.3370
 230.000      42.4838
 231.000      62.8336
 232.000      73.5864
 233.000      52.6170
 234.000      58.1183
 235.000      61.3967
 236.000      80.9543
 237.000      88.7925
 238.000      61.7007
 239.000      48.8605
 240.000      45.8513
 241.000      62.6127
 242.000      35.2062
 243.000      32.0449
 244.000      28.5888
 245.000      35.7720
 246.000      35.0563
 247.000      46.5398
 248.000      42.3934
 249.000      36.9569
 250.000      27.5570
 251.000      31.7335
 252.000      38.3162
 253.000      30.5689
 254.000      21.9407
 255.000      28.6073
 256.000      29.5250
 257.000      20.3703
 258.000      33.4240
 259.000      60.7726
 260.000      25.7823
 261.000      20.8066
 262.000      43.0822
 263.000      58.8046
 264.000      20.5546
 265.000      31.1658
 266.000      26.3819
 267.000      34.4633
 268.000      39.0643
 269.000     149.5373
 270.000      59.6564
 271.000      63.6313
 272.000      71.7975
 273.000      86.6406
 274.000      58.2177
 275.000      50.3807
 276.000      41.5336
 277.000      94.4087
 278.000      54.5523
 279.000      48.5923
 280.000      64.0828
 281.000      99.6464
 282.000      86.1301
 283.000      70.0409
 284.000      49.8009
 285.000      69.7551
 286.000      55.5471
 287.000     137.8906
 288.000      68.7627
 289.000      35.6975
 290.000      38.0985
 291.000      97.3519
 292.000      55.9511
 293.000      37.2974
 294.000      63.2786
 295.000      65.8286
 296.000      35.6601
 297.000      37.3427
 298.000      54.6702
 299.000      48.8561
 300.000      49.8939
 301.000      45.0511
 302.000      44.2163
 303.000      42.2751
 304.000      70.7941
 305.000      57.3906
 306.000      83.7211
 307.000     217.1593
 308.000      52.6932
 309.000      41.3710
 310.000      45.4983
 311.000     102.0858
 312.000      41.7568
 313.000      33.6828
 314.000      57.0553
 315.000      48.1889
 316.000      64.2231
 317.000     115.1341
 318.000      92.7665
 319.000     132.8120
 320.000     311.0791
 321.000     192.6728
 322.000     137.4783
 323.000     158.0796
 324.000      54.7030
 325.000      49.2872
 326.000      44.7650
 327.000      62.0935
 328.000      33.4465
 329.000      41.2527
 330.000      26.0150
 331.000      37.2038
 332.000      63.5137
 333.000      46.1621
 334.000      32.7905
 335.000      40.4021
 336.000      26.2138
 337.000      29.4111
 338.000      27.7393
 339.000      29.5068
 340.000      38.9327
 341.000      45.3678
 342.000      38.2211
 343.000      40.3860
 344.000      34.4583
 345.000      96.6031
 346.000      41.6677
 347.000      41.2190
 348.000      44.0204
 349.000      66.4531
 350.000      36.5796
 351.000      45.4656
 352.000      25.5975
 353.000      23.9592
 354.000      23.2033
 355.000      27.9491
 356.000      19.2003
 357.000      19.0241
 358.000      38.4656
 359.000      19.7728
 360.000      19.5195
 361.000      30.0379
 362.000      26.1391
 363.000      21.4753
 364.000      40.9746
 365.000      41.8403
 366.000      30.3400
 367.000      27.5725
 368.000      34.3545
 369.000      38.5809
 370.000      35.2394
 371.000      38.3215
 372.000      38.7180
 373.000      42.9454
 374.000      36.4335
 375.000      34.3110
 376.000      53.3252
 377.000      22.5453
 378.000      22.8389
 379.000      20.9277
 380.000      53.4462
 381.000      14.8136
 382.000      19.8955
 383.000      30.3876
 384.000      19.1165
 385.000      17.2322
 386.000      26.6091
 387.000      20.1407
 388.000      28.8860
 389.000      48.4568
 390.000      34.2307
 391.000      23.9585
 392.000      28.7109
 393.000      31.6856
 394.000      26.8393
 395.000      26.2000
 396.000      33.1379
 397.000      36.2002
 398.000      82.4133
 399.000      31.3102
 400.000      33.0792
 401.000      63.4699
 402.000      54.1873
 403.000      49.0854
 404.000      51.3737
 405.000      67.0307
 406.000      61.1290
 407.000      83.3530
 408.000     108.8834
 409.000     161.8167
 410.000     154.1628
 411.000     245.3617
 412.000     159.8899
 413.000      62.1818
 414.000     104.7265
 415.000      69.8886
 416.000      41.1991
 417.000      58.8280
 418.000      29.3380
 419.000      20.4032
 420.000      31.4981
 421.000      18.9055
 422.000      14.7409
 423.000      31.8076
 424.000      19.7562
 425.000      11.8812
 426.000      14.8244
 427.000      25.5726
 428.000      17.8448
 429.000      18.4433
 430.000      22.5732
 431.000      17.2213
 432.000      31.3092
 433.000      14.0811
 434.000      20.9902
 435.000      11.1508
 436.000      24.2374
 437.000      28.3406
 438.000      25.7517
 439.000      10.2097
 440.000      36.3548
 441.000      19.8955
 442.000      14.1360
 443.000      17.7215
 444.000      46.7547
 445.000      23.6229
 446.000      20.0301
 447.000      54.0072
 448.000      33.9608
 449.000      66.7171
 450.000      53.9373
 451.000      60.1840
 452.000      82.1833
 453.000      88.4996
 454.000      78.9094
 455.000      33.5706
 456.000      61.7050
 457.000     102.6475
 458.000      55.8951
 459.000      31.9769
 460.000      57.8773
 461.000      73.9181
 462.000      33.9709
 463.000      35.5514
 464.000      71.2834
 465.000      83.5487
 466.000      34.3363
 467.000      22.0712
 468.000      21.9644
 469.000      37.0616
 470.000      40.7969
 471.000      65.3087
 472.000      60.0030
 473.000      76.9324
 474.000      69.2913
 475.000      64.7952
 476.000      83.9770
 477.000      49.0634
 478.000      61.4746
 479.000      84.5395
 480.000      43.0733
 481.000      45.6865
 482.000      25.3636
 483.000      27.3611
 484.000      31.1712
 485.000      31.8252
 486.000      55.2769
 487.000      48.0680
 488.000      25.9952
 489.000      38.8523
 490.000      47.3423
 491.000      25.2624
 492.000      73.6857
 493.000      16.6863
 494.000      21.8973
 495.000      17.9261
 496.000      32.5282
 497.000      18.5410
 498.000      13.0400
 499.000      12.5593
 500.000      16.9356
 501.000      18.9470
 502.000      28.4092
 503.000      17.1047
 504.000      22.7647
 505.000      19.4385
 506.000      24.3597
 507.000      38.6168
 508.000      59.9028
 509.000      56.4981
 510.000      37.2289
 511.000      37.5515
 512.000      33.4173
 513.000     104.1307
 514.000      47.3481
 515.000      46.6814
 516.000     116.6132
 517.000      53.9009
 518.000     160.6853
 519.000      67.9594
 520.000      50.2626
 521.000      49.9440
 522.000      33.7483
 523.000      49.3757
 524.000      32.3732
 525.000      42.7485
 526.000      44.6442
 527.000      43.2700
 528.000      67.4163
 529.000      48.6506
 530.000      82.8503
 531.000     127.4900
 532.000      39.3125
 533.000      38.5039
 534.000      99.3483
 535.000      70.6650
 536.000      40.4852
 537.000      62.2626
 538.000      68.6265
 539.000      37.1328
 540.000      31.3487
 541.000      76.0962
 542.000      36.8478
 543.000      30.4623
 544.000      49.0615
 545.000      37.5772
 546.000      50.6884
 547.000      29.3910
 548.000      21.3821
 549.000      27.3322
 550.000      51.9513
 551.000      30.2563
 552.000      32.3579
 553.000      58.6254
 554.000      61.6438
 555.000      48.0280
 556.000      52.4516
 557.000      45.9406
 558.000      44.2274
 559.000      55.4824
 560.000      81.2043
 561.000      36.9997
 562.000      35.3833
 563.000      27.8530
 564.000     220.9446
 565.000      24.9299
 566.000      27.2040
 567.000      27.4758
 568.000      57.4540
 569.000      21.6025
 570.000      17.2770
 571.000      44.7033
 572.000      24.7055
 573.000      19.4393
 574.000      36.8520
 575.000      30.1288
 576.000      24.4456
 577.000      20.4831
 578.000      38.5547
 579.000      59.6360
 580.000      47.4659
 581.000      26.1604
 582.000      89.0566
 583.000      98.0866
 584.000      49.6380
 585.000      84.7096
 586.000      46.3673
 587.000      37.6824
 588.000      33.3171
 589.000      56.8044
 590.000      73.4998
 591.000     125.3032
 592.000      61.9448
 593.000      78.1832
 594.000      79.8174
 595.000     232.3423
 596.000     277.8073
 597.000     304.7822
 598.000     218.6816
 599.000     162.8256
 600.000     107.6782
 601.000     100.2321
 602.000      81.2529
 603.000      94.8782
 604.000     136.6821
 605.000      61.2743
 606.000      63.7618
 607.000     104.4283
 608.000      60.3073
 609.000     114.8184
 610.000     240.9248
 611.000      34.5797
 612.000      20.2226
 613.000      15.6935
 614.000      13.9265
 615.000      17.8529
 616.000      19.2546
 617.000      21.9627
 618.000      48.8497
 619.000      39.9820
 620.000     101.1773
 621.000     138.9338
 622.000      92.6785
 623.000     125.7509
 624.000     174.6200
 625.000     126.2004
 626.000     144.5863
 627.000     117.1819
 628.000     136.9356
 629.000     125.3086
 630.000     132.1417
 631.000     135.7257
 632.000     104.6459
 633.000     228.3397
 634.000     206.2567
 635.000     111.5852
 636.000     108.0092
 637.000     107.6465
 638.000      59.6014
 639.000      76.0992
 640.000      60.6061
 641.000      87.8642
 642.000     111.6653
 643.000      75.8859
 644.000      73.9605
 645.000     108.9780
 646.000     160.7699
 647.000     155.0644
 648.000     166.8824
 649.000     253.4517
 650.000     425.0536
 651.000     330.6179
 652.000     571.4975
 653.000     426.4523
 654.000     289.6765
 655.000     178.3616
 656.000     140.1060
 657.000     179.0149
 658.000     147.5539
 659.000      96.0625
 660.000      67.8550
 661.000      42.8819
 662.000      38.8350
 663.000      25.7358
 664.000      16.8588
 665.000      19.7260
 666.000      15.9621
 667.000      37.5858
 668.000      21.4280
 669.000      57.0974
 670.000      40.7235
 671.000      32.5316
 672.000     126.9163
 673.000      48.7819
 674.000      28.8808
 675.000      42.2615
 676.000      58.9105
 677.000      63.9824
 678.000      59.0853
 679.000      53.9668
 680.000      30.2160
 681.000      60.2263
 682.000      23.9815
 683.000      30.9472
 684.000      42.9710
 685.000      31.5007
 686.000      15.4833
 687.000      36.2571
 688.000      46.4073
 689.000      48.0564
 690.000      63.8110
 691.000     111.5443
 692.000     168.3306
 693.000      67.9698
 694.000      86.8429
 695.000      65.3047
 696.000      55.9211
 697.000      41.5080
 698.000      41.5511
 699.000      32.4321
 700.000      38.9540
 701.000      29.1312
 702.000      24.8616
 703.000      29.5977
 704.000     125.4512
 705.000      64.7127
 706.000      26.0859
 707.000      33.7289
 708.000      79.2161
 709.000      71.4562
 710.000      54.9431
 711.000      33.2022
 712.000      27.6792
 713.000      33.7489
 714.000      64.2488
 715.000      30.3152
 716.000      24.7982
 717.000      14.9523
 718.000      20.0350
 719.000      23.9865
 720.000      33.0996
 721.000      29.5098
 722.000     117.2702
 723.000      52.4860
 724.000      66.1663
 725.000      42.0838
 726.000      99.7662
 727.000      48.2950
 728.000      46.6262
 729.000      90.9369
 730.000      48.1760
 731.000      28.0535
 732.000      48.2761
 733.000      33.7108
 734.000      36.2795
 735.000      98.6258
 736.000      46.2104
 737.000      32.4071
 738.000      50.3603
 739.000      45.3100
 740.000      56.6008
 741.000      91.8444
 742.000     145.8084
 743.000      81.4435
 744.000      54.7667
 745.000     119.0899
 746.000      70.7338
 747.000      83.1230
 748.000      55.7927
 749.000      51.9170
 750.000      77.7278
 751.000      46.1501
 752.000      39.8091
 753.000      31.5080
 754.000     103.9134
 755.000      20.7215
 756.000      20.8577
 757.000      22.3322
 758.000      23.2244
 759.000      14.9468
 760.000      27.6198
 761.000      18.5644
 762.000      32.4319
 763.000      33.4330
 764.000      36.1234
 765.000      25.5125
 766.000      25.6098
 767.000      49.0361
 768.000      23.6999
 769.000      26.6001
 770.000      22.6165
 771.000      17.3479
 772.000      24.5159
 773.000      25.7294
 774.000      23.3368
 775.000      36.4895
 776.000      34.0947
 777.000      55.8644
 778.000      63.6362
 779.000     111.5611
 780.000     179.5887
 781.000     300.0449
 782.000     312.6174
 783.000     462.0772
 784.000     279.8705
 785.000     249.5515
 786.000     193.7271
 787.000     182.8901
 788.000     130.0509
 789.000     157.1626
 790.000     156.7685
 791.000     189.1457
 792.000      17.5417
